[
  [0.4672129619528429, 0.1602932355767759],
  [-0.2370049117727616, -0.4251551220521478],
  [-0.5626412420700559, 0.7340054708745257],
  [-0.2554955182544499, -0.7368998562296969],
  [0.1991934884750421, 0.0168578283338382],
  [0.0937479633476144, -0.8778515583002870],
  [0.0823962008615879, 0.6946113977582467],
  [0.9750249995259981, -0.0568216549604719],
  [-0.0708167688414540, 0.4197318826131745],
  [0.9632453275938303, -0.2686232284607092],
  [-0.4095391841288418, -0.2031486788576710],
  [0.6908210275707221, 0.2405183629849388],
  [-0.2542164680599671, 0.5579059735357184],
  [0.3025853997833947, 0.8677892909362964],
  [0.7767432809143524, -0.1110584361836624],
  [0.2764832778549163, 0.6534837150536381],
  [-0.4584496902508738, 0.2095590006489658],
  [0.0382985465671766, -0.0272328359072444],
  [-0.1133324939709225, -0.9200437805288733],
  [0.6763161370802641, -0.4253701963903760],
  [-0.2237771327664420, 0.0203225008327827],
  [-0.0916669691845198, -0.0828211613468278],
  [0.0982623505400923, 0.0690449576278974],
  [0.3396420617267394, -0.2662277320980187],
  [-0.1002035133023221, 0.0284662270314716],
  [0.4164350954844406, -0.7666941892480125],
  [0.5846387207415197, -0.2241229244705114],
  [0.2633419277135040, -0.0744309668479582],
  [0.1831331195901496, 0.2239483986063445],
  [0.5775761231500123, 0.3716101880900085],
  [0.7713544158798181, -0.5805202221762755],
  [0.5365203782552722, 0.0729638944270669],
  [0.2068192212654530, -0.3811758454785165],
  [-0.4684584242228706, -0.7325807003740137],
  [-0.4288003952796510, -0.3713924717145884],
  [0.8804470741874361, -0.4294496634992028],
  [0.2036753593662328, -0.2097175276416560],
  [0.5241740091037316, -0.5407019152922310],
  [-0.3631422691520363, -0.5709870305339050],
  [-0.3541091736444849, 0.7436654936801524],
  [-0.8867938100908891, -0.0565856191149451],
  [0.2827321407806381, 0.1700760559920038],
  [-0.6318269550657334, 0.2001644658205103],
  [0.7135906202845206, 0.4614375639401697],
  [0.3020195232780753, 0.4646631838111223],
  [-0.1523869477477559, 0.3368046918425157],
  [-0.7937454190412664, -0.4422945566972534],
  [0.4599368363338368, 0.5255538076834670],
  [-0.5256971558907472, 0.3790256915240036],
  [-0.0105194253976448, -0.7161119231547618],
  [-0.6888146868839837, 0.0277878910852202],
  [-0.0420713682475023, -0.3203806102599368],
  [0.4149774845395219, -0.0418466015581599],
  [0.1637878458350618, -0.5209119662750217],
  [-0.0872621203737309, 0.1817976197049571],
  [0.3337911419222265, -0.5780799921326547],
  [0.5490227283561546, -0.0840523491677832],
  [-0.0286741959337259, -0.4310600678953482],
  [-0.6336993421876413, -0.3445607029794162],
  [-0.4519690867175323, 0.5681609210457553],
  [0.1394474066500417, 0.3604825523990873],
  [0.6147948634683229, -0.7067058091225552],
  [0.1271883872782249, 0.4986635908498117],
  [0.1222643813387254, -0.1329878699764271],
  [-0.8368235730531561, 0.1624605305316554],
  [-0.2011644150409790, 0.1906333300139842],
  [0.3512973041917081, 0.0492636857368333],
  [-0.4918442315511724, 0.0305060377506906],
  [0.4730704191106070, 0.7574801309947873],
  [-0.2477300901921014, -0.3140811778634270],
  [0.6762810538127422, 0.6736182867169936],
  [-0.5882683514200157, -0.5420263414689223],
  [-0.0635417607010490, 0.5781820268032890],
  [0.0523495382779233, -0.5562415718010592],
  [-0.6944472101399098, 0.5636237242249548],
  [-0.2863406788350564, -0.1291602045465252],
  [0.2930936272287206, 0.3395824985407840],
  [-0.8521310778682100, -0.2609242520473684],
  [-0.3260233492137806, 0.3980822078576951],
  [-0.1679699503862385, -0.2139689540048962],
  [-0.5439506565976223, -0.1275865704080914],
  [0.4344288215748381, 0.3121184021578060],
  [0.1141848753539541, -0.3191635299840172],
  [-0.1192470731577984, 0.7622574525418951],
  [0.3603773438297462, -0.4379184714306160],
  [0.4997506751204011, -0.3567400924963018],
  [0.2805556807872768, -0.8870632894995132],
  [0.6684053421597859, 0.0294408174129414],
  [-0.0048177826526203, -0.1830912576465588],
  [0.8559140046108906, 0.1140570208647391],
  [0.3758402433030218, -0.1606159099703778],
  [0.8359993682122225, 0.3135460807997122],
  [-0.0193793330618181, 0.9668216035398971],
  [0.0190185680210784, 0.1470746965633301],
  [0.0435164345096413, 0.3026179322508237],
  [-0.3450808104835089, 0.0098237769954950],
  [0.7641009250690123, -0.2949306398992478],
  [-0.1532358263742269, -0.5729393186307200],
  [0.1985546981484696, -0.6982705391769787],
  [-0.3308472371772746, 0.1966268842721789]
]
