[
  [0.2358894626217880, -0.1000663622846676],
  [0.0971500816853387, -0.3539164807698439],
  [-0.3547172618514113, -0.5948555891355910],
  [0.0704586700131808, 0.3614557910242564],
  [0.0892538358684767, 0.8424871895293100],
  [-0.0683195011782356, -0.2001407760517739],
  [-0.4446060537380106, 0.5777635749122811],
  [-0.0707211091256045, -0.0424531762528726],
  [-0.3623647135930632, 0.4615887019024278],
  [0.6109514494162267, -0.1717289484054296],
  [0.0936722777529282, 0.1208712358205271],
  [-0.2274256396939067, 0.1181548960584507],
  [0.2932714928647198, 0.0669184975398951],
  [-0.0179817744802311, -0.2826508196547110],
  [-0.1003926710115582, 0.7922798572174335],
  [-0.0436091759791566, -0.3155052015563334],
  [0.1841286012402451, -0.4139387821150164],
  [0.1056521321922524, -0.1496878063957643],
  [-0.2911140635850193, -0.0431169287616994],
  [-0.1774482992186738, -0.1136318176811815],
  [0.4807366465939067, 0.0655133857954967],
  [0.0238150952942362, -0.1227296884307279],
  [-0.1099349992100418, 0.1136983871349321],
  [0.1904148585280290, 0.1316355843418487],
  [-0.0072939924069493, -0.5124783560927670],
  [-0.0599460156250657, 0.1252612300768060],
  [0.2915378971275146, 0.4431855242155193],
  [-0.0450961391273867, -0.4949538357159455],
  [0.0467237358197570, -0.4045860292731063],
  [-0.6378446237308083, -0.0567946805969413],
  [-0.2298101688821940, -0.6375339730077407],
  [-0.1573506783248763, 0.1177784568203509],
  [0.0554694772422783, 0.1832469014442334],
  [0.4719116130375863, -0.4423033654070132],
  [0.2425483527304335, 0.4132360583843432],
  [0.1469241295055487, -0.1159814357351117],
  [0.5139184236223275, 0.3979319520295956],
  [0.0143288832047989, -0.1642263535452563],
  [-0.9550245163673962, 0.0095689769592820],
  [-0.6923145689301592, 0.2389977957490317],
  [-0.6163448306032776, 0.2144969089649510],
  [-0.4414708438121442, -0.1407697961079823],
  [0.6029083878929916, -0.3009848879238777],
  [0.0890480645457033, -0.2614621497731741],
  [-0.4511520697866045, -0.7364359690760509],
  [0.4290191917555702, -0.6311491538385570],
  [-0.6030684308624202, -0.2158473784682371],
  [0.6078311698717471, -0.6042819169791682],
  [-0.7670772834130068, -0.1934261352126634],
  [-0.6356702857078226, -0.2464835501533933],
  [-0.3648406176783143, 0.3804331569421774],
  [-0.6806037934477471, 0.1733785798449121],
  [-0.0275622538391974, -0.4530125705341100],
  [-0.2729339521985338, -0.1743035849116305],
  [-0.0167141338994123, 0.1198774167678435],
  [-0.2631462656130250, -0.6090918244574023],
  [-0.0564887855019041, -0.2402133193186542],
  [0.1546022989299109, 0.3018809649022633],
  [0.0632225033843864, 0.2628986037936599],
  [-0.2101248557849521, 0.7194531407579715],
  [0.4206387013502131, -0.4494745934385356],
  [-0.5050696674102615, -0.1663231911188495],
  [0.6021010939624787, -0.5022465970482360],
  [0.4624966543575375, 0.5669561856366460],
  [-0.4076490864189327, -0.3265297987333709],
  [0.4693772317478161, 0.1088498125638717],
  [0.4386080531815356, 0.0719146677545724],
  [-0.4605737943440600, 0.1686674240873915],
  [0.1780612050117613, 0.7550656260984900],
  [0.0188827765875452, 0.4570913214797670],
  [0.1729003670521800, 0.6432480410568286],
  [-0.3710075742528007, 0.3300697682013557],
  [-0.5603601809374315, -0.1183030630189306],
  [-0.1666599010771171, -0.1548648835483613],
  [-0.0906035762326067, -0.4581844060935235],
  [-0.6614572857814541, -0.1589745272131187],
  [-0.2137648334964783, 0.4676402860718346],
  [0.2969660018358738, -0.0360945110693022],
  [-0.2090778161765778, -0.0314925473664401],
  [-0.5671405351113684, 0.3298123319803251],
  [0.1453366253296967, 0.0106390925179547],
  [0.1364877970614497, 0.4389852532498472],
  [-0.5878785220079696, 0.0927661813523343],
  [0.3658305554077699, -0.0200699414042396],
  [-0.4667985582724499, -0.0156044457093234],
  [-0.7271293900516065, 0.0398750973095091],
  [0.3708675899956745, 0.0865169483739255],
  [-0.3157573466222139, 0.2290861541480576],
  [-0.7912242427548927, -0.0134944636597229],
  [0.6474857461743897, 0.2927862839119796],
  [-0.5711315147122064, 0.1718419646684304],
  [0.2171205200848645, -0.0357063246808820],
  [-0.2763616585145959, -0.3886554211696663],
  [0.6457962080355475, -0.4193936567199624],
  [-0.9005901577425934, 0.3912768287038236],
  [-0.7288209977155810, 0.1110601867933703],
  [0.0197732712269724, -0.2639184485329762],
  [0.1767257693589187, -0.0524115651535812],
  [-0.1655609439128444, -0.2360185929807310],
  [0.5418070906330078, -0.6842261071560460],
  [0.0479375255233586, -0.0440260093091030],
  [-0.3283285765955264, 0.3545726561512798],
  [0.2823736882400595, -0.0855003178576684],
  [-0.6212621595009832, 0.1718976324218061],
  [0.7875708399379345, 0.2456589715596352],
  [0.4055288011340082, 0.0076232949283403],
  [0.2411934603337883, 0.1195221564812525],
  [0.4896038056063182, 0.3560595765289183],
  [-0.2410398948393115, -0.1474916432386045],
  [-0.3356016078522609, 0.4947357784184537],
  [-0.3121823905489029, 0.0476337757058537],
  [-0.0228098621863662, 0.5254534169002959],
  [0.2174518615576023, -0.1920015072467847],
  [-0.0984025567099633, 0.3262084274977756],
  [0.4478391725274512, 0.4771121622067431],
  [0.4901973959686317, 0.2935121673977755],
  [-0.0169606568430552, 0.0763664056581883],
  [-0.1246097926506446, -0.1650701625506435],
  [0.1592539271715177, -0.6418590861468052],
  [0.3938276822675621, -0.7567299895836789],
  [0.5966605264248925, 0.0690451934104869],
  [0.2913442017205443, -0.2352408242005882],
  [0.2553115815304404, 0.3418358027365799],
  [-0.3927819002827678, -0.2681463291303873],
  [0.0031652236453462, 0.5627798035409223],
  [0.2323950174748068, 0.2347319516470788],
  [-0.4854223850200833, -0.2780499887700043],
  [0.0820879969801032, 0.7307969602984890],
  [0.3206523643981831, -0.5207044380582782],
  [0.0284840047909695, 0.4163459767177213],
  [-0.6639308562578113, 0.2909727708397664],
  [-0.2074382933978144, 0.6673901720104989],
  [0.4872209561946820, 0.1924758115278262],
  [0.4277861616198812, -0.4023716408675336],
  [0.0919258251781370, -0.1890286198960640],
  [-0.1855286523966093, -0.0675530119666848],
  [0.6280483512044096, -0.0670996946765618],
  [-0.5378357696211408, -0.2471621936753106],
  [0.0625726847340542, -0.1458310014245289],
  [-0.0061122804609690, -0.3387568838857809],
  [0.3067182990910562, 0.2260661313425598],
  [-0.6256675384832912, -0.1806605723011825],
  [0.5560339182104602, 0.0365465462558369],
  [0.4171934950083667, -0.5224104318669007],
  [-0.3960913243204884, -0.3814241800008475],
  [-0.2483138356864622, -0.3097751132986581],
  [0.4456335164375704, 0.2427774928380498],
  [-0.8163626480250131, -0.1279055441004149],
  [-0.2948739764733472, -0.4737119495674115],
  [-0.4161976744232948, 0.0093631793971438],
  [0.2812734000579952, 0.1081331467431298],
  [-0.4837512989361602, -0.3323051107328091],
  [0.1639801537267818, 0.5735250579622355],
  [0.4408591564085562, 0.3577092017059406],
  [-0.5099183046537791, 0.4842473879781263],
  [0.4989527980150961, -0.1324397651392224],
  [0.6745034326253342, 0.5222340947136770],
  [0.1918773197923260, -0.2717596006373779],
  [-0.0556779112815992, 0.6811699007482144],
  [-0.1458912526014561, -0.0816691598831807],
  [0.2536553690117653, -0.4360081754352860],
  [-0.2439754784200579, 0.3246269110573555],
  [-0.1657947537019348, 0.3364454940431799],
  [0.1418499960382393, 0.2204202565067393],
  [0.0587833130691244, 0.6961372132047271],
  [0.5555011343576781, 0.2073276207128499],
  [0.0571080190207705, 0.5582020611779537],
  [-0.1367764645780872, -0.2053137904827112],
  [-0.7473634558369260, 0.5434432315766993],
  [0.5997457212226608, 0.2960382980747757],
  [-0.3792801137023622, -0.5508206243320869],
  [-0.4194834991701103, 0.1035814536255648],
  [0.2194323073493611, 0.7776925519008753],
  [-0.1294576789196940, -0.2722345777557188],
  [0.3128934607149303, -0.5953791590910283],
  [-0.2642627605992229, -0.4431944921470358],
  [0.4855964571857294, -0.2292897304541866],
  [0.4535625506513125, -0.7538701263452328],
  [-0.3955052868545633, 0.2954867837835190],
  [0.5803865547022642, 0.4311134585275327],
  [-0.7600310775625082, -0.4147967133744248],
  [-0.1826128532888971, 0.2589049367785246],
  [-0.1537765187630950, 0.7078128572445023],
  [0.4965327435028160, -0.6705869252492301],
  [0.0888037108940136, -0.3119005518077620],
  [0.1878237703479698, -0.1594708836525688],
  [0.0935475849622760, 0.4423023490220576],
  [-0.6335365943278461, -0.4712854617191706],
  [0.2623160514573898, -0.0058345573843287],
  [0.2130443617149519, 0.1686274285018255],
  [0.0287264407788289, 0.2327104049008589],
  [0.2620524043235665, -0.5793122780532405],
  [0.2564396971960604, 0.7453725709509729],
  [-0.4120684933164104, 0.2117893533076969],
  [-0.0198851873988904, 0.4409861158950894],
  [-0.1362693557261994, -0.3543181455876607],
  [0.1235926946123500, 0.3844265478401543],
  [0.5305360695829074, -0.2471410733027146],
  [0.0557612534898703, -0.3627280400430045],
  [-0.2189036270161255, -0.1842967581763312],
  [-0.3093254084400739, -0.6583770854546175],
  [-0.6137953589278328, -0.5135056651079674],
  [0.5226486102189023, -0.2911657212847161],
  [-0.1634797332952485, 0.0641969265297393],
  [0.1033655949230816, 0.0153332096558051],
  [0.5694976084389856, 0.3247715165088123],
  [0.1434489810074596, 0.7118956458059078],
  [0.1458037928898852, -0.1626351672973808],
  [0.4272777398601830, -0.0287823642576162],
  [0.1237730009631759, -0.2851950703451336],
  [0.1132606754545627, -0.4761060604343230],
  [-0.4667157629282321, -0.5094285835825380],
  [0.5889335022596668, 0.2533938692982872],
  [-0.1768419773945678, 0.4938462056266598],
  [-0.5132540347322671, 0.6438350696404315],
  [0.3505166141129517, 0.7329978781123148],
  [0.3880429868580038, -0.4150717879023277],
  [-0.1784093763344547, -0.1959409244089827],
  [-0.2905803417048671, 0.1558036995444575],
  [0.2397935913748393, 0.4555937828867960],
  [-0.0820669961780590, -0.1603472578131585],
  [0.3008802988744031, 0.0124216679304037],
  [0.2187647166784465, 0.0081492609583223],
  [0.2081075677921033, -0.7687865017734191],
  [0.4219929492022256, 0.2858995875258186],
  [-0.5258319417015274, -0.3221684053814430],
  [0.0588215925149005, -0.4853163061155761],
  [-0.2141017068456296, -0.2859918975512161],
  [-0.1557993256110367, 0.7608068075918570],
  [-0.0277674119627259, -0.4066217687174769],
  [0.6601062907083384, 0.0630994933351604],
  [0.3495179975265826, 0.5074951178452314],
  [0.4458823835517203, 0.6265728422913338],
  [-0.2507133613056611, -0.0331026693851638],
  [0.4344322872600705, -0.3058391136075440],
  [-0.2519215587410454, -0.2131161033112843],
  [0.4718408717128901, 0.4073204194431773],
  [-0.3442186544483512, 0.5488651638963356],
  [0.1067617411763621, 0.7684191842094291],
  [-0.4699955083600231, 0.2521702615350474],
  [-0.3319332204762139, -0.4122247791203794],
  [0.3347102915228330, -0.3500531808096178],
  [-0.6489747341326830, 0.1382442388276881],
  [0.1648240851546770, -0.1998740011263598],
  [0.4796504279596629, 0.4495500742568641],
  [-0.0182846703452506, 0.0239944883445868],
  [-0.0916144375693419, -0.1192196255212393],
  [-0.2615565856357863, -0.1090432814999002],
  [0.1057978316679995, -0.1069246407422962],
  [-0.2541264299625788, -0.3514096265919986],
  [0.3217300648208080, 0.5794807394040562],
  [-0.1587764399664439, -0.5050151639571520],
  [0.2049107236238439, -0.5226960637665763],
  [-0.4043303325842355, 0.7359060872222495],
  [-0.1435913944156092, 0.4485025305074720],
  [-0.2720901602045480, 0.4367396950236153],
  [0.4868776347175298, 0.1506613922779373],
  [0.6317078145601005, -0.0240037478425661],
  [0.6870482188027792, -0.0011853523573693],
  [-0.0387411814634008, 0.4840095882421592],
  [-0.1178317237998330, 0.3679569884486302],
  [0.1927856280788324, -0.3294424086042528],
  [-0.1413291904513640, -0.3129598431120376],
  [-0.2585255019101520, -0.5162428863522376],
  [-0.3273058568939792, -0.1224642986347014],
  [-0.2175004857859888, -0.3761729849445579],
  [-0.4552807460958131, -0.0948659293968939],
  [-0.2073326404392992, 0.0422116434772738],
  [-0.4072995252133531, 0.4615534185488583],
  [0.2648392993765380, 0.0358189840108828],
  [-0.1721568935534294, -0.2782804593176443],
  [0.0891843344459343, -0.4318474455034546],
  [-0.3428353965444931, 0.4230060452315623],
  [-0.0679440062125495, -0.0841681341242416],
  [-0.0114915798632464, 0.2199855574416714],
  [-0.1072370118923961, -0.0625310194466971],
  [0.1555026877918876, -0.7221698302543309],
  [0.2592341990272478, 0.2794886174823459],
  [-0.5142541969891177, 0.5991566938996193],
  [0.0233923774214008, 0.0282117762324056],
  [-0.5407807500822917, 0.6835280591121334],
  [0.3258295234685028, 0.1037564124815460],
  [-0.2403958003602116, -0.4787021148342060],
  [0.6153330187689566, 0.1927505280936287],
  [-0.2693179782434535, 0.1175963917985055],
  [-0.0408535723199347, -0.1677069743795741],
  [-0.2561302059297383, 0.4765147732476984],
  [0.1370509447680648, -0.0742131792676176],
  [0.2934764510783453, -0.3658344673114363],
  [0.4892532172352838, 0.2496372750666604],
  [-0.5050181518684985, -0.0346552400500034],
  [0.3394208554846568, -0.1375534748991877],
  [0.5263679840065670, 0.3144206645750353],
  [-0.3949830682279113, 0.5032002848249857],
  [0.2610549151833632, -0.1766654737650272],
  [-0.5462803026390367, 0.0508126161746092],
  [-0.2240701617513940, -0.7479327544425342],
  [-0.5960886148748230, -0.0374920501389352],
  [-0.1067282360012825, -0.0143197417813379],
  [-0.6118230035030532, 0.2981638816705954],
  [0.4671299068016494, -0.2688878542900802],
  [-0.0443012076040080, -0.0091346714595671],
  [0.2305835384455804, -0.3066785031604580],
  [0.2702773570184167, 0.2055661352546435],
  [0.5614846527511360, 0.3701744882795654],
  [-0.1931561081788718, 0.8423649156270150],
  [-0.4392097671425401, -0.2449326996816565],
  [0.0992260265811632, 0.4925085893113726],
  [0.5983415584352901, 0.0032466008044711],
  [-0.3303780022969957, -0.0585592306091012],
  [-0.7365737997617963, 0.1527768399945549],
  [-0.0884578605086774, -0.5032035718584277],
  [0.4698223123185496, 0.7012523056606097],
  [0.3849438453249465, 0.5977698268501949],
  [-0.0508958514340755, 0.0505863225307052],
  [0.5062645506566243, -0.0013809445724922],
  [-0.4891862885731746, -0.7172170956192679],
  [-0.0147243251932843, -0.0913008466461944],
  [0.0243048031853859, -0.2203061149968630],
  [-0.6579340038245258, 0.2094657248359291],
  [-0.4917622474534709, -0.0747360717271953],
  [-0.2002846103067638, 0.2979756346517804],
  [0.2663103637197069, -0.2767042090791592],
  [0.3489429059520497, -0.3904701212993038],
  [-0.5392282457508527, -0.4575360263397379],
  [0.0866786906878415, 0.0752163721102664],
  [0.3334955246445987, -0.2306928643608432],
  [0.5486722848468959, 0.2791784573343808],
  [-0.6973588897398770, -0.1834145412564886],
  [0.4024746008630610, 0.4778360858957519],
  [0.0981684729875724, -0.6170265123675047],
  [-0.0968063752320327, -0.3088157869251047],
  [-0.3992558397911395, -0.5128812697528397],
  [0.4674872775759608, -0.1892157890259656],
  [0.1265557167402940, 0.0950205032447505],
  [0.0336785329129356, -0.3229663221716043],
  [0.1652552158392923, 0.3831801279744919],
  [0.6103930957523515, 0.3910962366510219],
  [0.3757931986607808, -0.4646792299528695],
  [0.5727910038906697, -0.2357706128429689],
  [0.4900083197289355, -0.3518580590034107],
  [0.3108580032678676, 0.1846053853155952],
  [0.0243187426894830, 0.1419298323862869],
  [-0.3654244223657640, -0.0843135852783997],
  [0.1982993323072511, 0.2688678051181810],
  [0.0154054372677794, -0.3754299902192791],
  [0.6355774645033585, 0.1382007868149294],
  [-0.4324468585783353, -0.5421175351934127],
  [-0.4972993965852548, 0.1402321460493630],
  [-0.1929125249234915, 0.0948106029666636],
  [0.1332394386984830, -0.4029930993126101],
  [0.5828301343970429, -0.4149888164313082],
  [0.1624407901744778, 0.1837388722512185],
  [0.0523931784755106, -0.0020409535366415],
  [0.6886518838273172, 0.6221143110477877],
  [0.5369231758339421, 0.1461464828691568],
  [0.1251311919985671, 0.3344147532964324],
  [-0.2230408380702884, -0.4180095302860931],
  [-0.2283098318666804, 0.3810278147115391],
  [0.2573419510806318, -0.0494409980318990],
  [0.5304318148619550, 0.2410279328930682],
  [0.0678717144891434, 0.0374093536609645],
  [0.5774199280824450, -0.4686371506765531],
  [-0.3832556237331786, 0.5706353654570042],
  [0.7400006331900401, 0.1718734367494641],
  [-0.8155166591786620, -0.0497672336789109],
  [0.7708664603254947, 0.1427484668015693],
  [0.5527874320584221, 0.5344578338325062],
  [-0.4385586312525110, 0.5281006846796266],
  [-0.3280459883117506, 0.3110758295756735],
  [0.1963516248723751, -0.6705411003478096],
  [0.3417702837582942, -0.1799031079703899],
  [0.3453431573212208, -0.0955214715432157],
  [0.0809893934719313, 0.2180986532056368],
  [0.3834685408980869, -0.6628697354380755],
  [0.0283538433277851, 0.0713456103396715],
  [-0.1206516189601991, 0.4899129973680647],
  [-0.1876927250034614, 0.4276063556267686],
  [-0.5149538211168005, 0.0969838795479188],
  [-0.0505369125979291, 0.3541842436022989],
  [-0.4065289482738749, -0.2181185524041239],
  [0.4404613890722689, 0.1984823107096401],
  [0.3903569780392725, 0.6444052833693007],
  [-0.1347484072894250, -0.1223873434195962],
  [-0.1001963588647379, -0.2275548659611952],
  [0.3994549979120248, 0.2503178648726599],
  [-0.5467395136482901, -0.0190013960368920],
  [-0.5025573103339226, 0.1825806633401141],
  [-0.5757590963742214, -0.0742986719604908],
  [-0.1703160679412132, 0.6123168930522226],
  [-0.1869386853964820, 0.0058771184518567],
  [-0.3001453433386909, -0.0877098003678619],
  [-0.0757267566817877, -0.3455462911346239],
  [0.1622997880794738, -0.3011179444736510],
  [-0.5195793722427348, -0.1268492173188289],
  [0.0267438021620188, -0.6653232907386626],
  [0.0421102593500540, -0.4460274617312208],
  [0.2978515762045787, 0.3020757651219367],
  [-0.4871502809808951, 0.4309679894556889],
  [-0.5711126104874471, 0.2827812547520132],
  [-0.2193952689875426, -0.1115931857860991],
  [0.4509120347310268, 0.3161978704544213],
  [0.2505443313151645, -0.2173493809950332],
  [-0.1912356722796250, -0.4734337661348174],
  [0.5897003904629650, -0.3683370947955714],
  [0.1414883198782297, -0.3492115216841412],
  [0.1667734986407467, 0.0808508514924601],
  [0.0252327709305336, -0.0795504160783464],
  [-0.3386162919259665, -0.3507700078522616],
  [0.7097014742387632, 0.0397533124927736],
  [0.3002260129224356, -0.1929866823303940],
  [-0.2313363270724567, 0.4236499728065481],
  [-0.0830200512530647, -0.6789352609060323],
  [0.0609965081843990, 0.5156469401617009],
  [-0.1141727217681878, 0.7224885895404018],
  [-0.0425221041821878, 0.3972980492968559],
  [0.3810419407538514, 0.1874147410238197],
  [-0.0294192809665548, -0.0504209284849075],
  [0.3401162142482960, -0.4358276917580385],
  [0.2337644207484205, -0.6451844932008802],
  [-0.3044572460569096, 0.4063767272873774],
  [-0.3412967135470796, -0.4574596734696365],
  [0.1306449811406678, -0.0306623178698084],
  [0.2068379075428966, 0.3858241517629828],
  [0.4305759745902879, 0.1328434617195983],
  [0.3716658415754763, 0.1281799648253812],
  [-0.0149216075860154, -0.2408451632172002],
  [0.2446647288423550, -0.5383259700596831],
  [0.4993924376373818, 0.6109062788969095],
  [-0.2227140162763788, -0.5708348153830168],
  [-0.0874132275175729, -0.2681380394986426],
  [0.2104869881753570, 0.3267100833686586],
  [0.6797566284866355, -0.5470010396742783],
  [0.3466599981247463, 0.1627982060650291],
  [0.0367895454816409, 0.6025472112199766],
  [0.4205759863540776, -0.7956420984567416],
  [-0.3833219994018828, -0.4656310377948878],
  [0.2250295073751486, -0.6024783059847705],
  [-0.3601844080400155, 0.2251643258702425],
  [-0.2705206283968646, -0.5561456187358585],
  [0.0494514737360422, -0.1866431942121686],
  [0.1814584765187053, -0.3695398742179923],
  [-0.4500295118155538, 0.4824829468435937],
  [0.6604459254492867, 0.2433271706925457],
  [-0.6007818695234809, 0.2534968450328345],
  [0.2508456664606381, 0.0772227427947880],
  [-0.1602735754920891, 0.3913959102096202],
  [0.0177249136259269, 0.5107132138850459],
  [-0.2749152976686679, 0.3617736929130351],
  [-0.0129965718098237, -0.1987450343744528],
  [0.5255026433719994, -0.4655322836106297],
  [-0.4984981355953062, -0.2078626798440548],
  [0.1065439837488545, 0.2543117810543489],
  [0.2967720927001100, -0.4633503271092079],
  [-0.2282079704629590, -0.0705183790798252],
  [-0.3080816747855611, 0.7889715456322709],
  [0.1961081840617237, -0.2280618966697782],
  [-0.2184657866881350, 0.6271747797272202],
  [-0.2810903933476942, 0.0775504064359498],
  [0.2832288501084405, -0.7107162961718183],
  [0.3949502123058554, 0.3994415332697959],
  [-0.0612458151619771, 0.4353903574113064],
  [-0.1985751645475874, -0.6778631915161727],
  [-0.3927995403415676, 0.2516651885246202],
  [-0.1823920689628427, -0.4322819318046388],
  [-0.3175737584980295, -0.2691962960063523],
  [0.6818419014915029, -0.0499455602030103],
  [-0.6070132912445454, -0.3132019050659306],
  [0.3357474705537029, 0.0571925256909621],
  [0.5633607179705893, -0.2801322944764307],
  [-0.0181090030077553, -0.1328298132502810],
  [0.0330764311910729, 0.3350713973001188],
  [-0.5806850555976302, 0.0065171964577222],
  [0.1815877990745856, -0.0106653054354812],
  [0.2802155716487083, -0.6682790401472598],
  [0.0825740406551095, 0.3013437948460223],
  [0.1301102870867401, 0.6480351514082157],
  [-0.3434418108478888, 0.6701109594140054],
  [0.4421791004679307, -0.1464797144045243],
  [0.6314271237485705, -0.2149445136860840],
  [0.0356781047184101, 0.6585324461165076],
  [-0.0877381184044862, 0.0297317485153358],
  [-0.3587866651128351, 0.2757324989224562],
  [0.6961109993897636, -0.3621758997336344],
  [0.1766505697195099, 0.0381821039525460],
  [-0.3166576745039119, 0.2707700322356141],
  [-0.4467870778137807, -0.0522596539004762],
  [0.1847891373154285, 0.4738130206160733],
  [0.1547139566808363, -0.5674934143812467],
  [0.2319508334986515, -0.1443067751812018],
  [0.1247239349730859, -0.2157407685005032],
  [-0.2195915122486652, 0.5688041686281319],
  [0.1964317270450846, 0.2094330911650404],
  [-0.1649154462266559, -0.6001183839035582],
  [0.0552696766767660, -0.2863234143411367],
  [-0.1489495683732837, -0.7569412804954718],
  [0.1561497040509340, 0.2602430417011412],
  [-0.2596301715684058, -0.2649376075191878],
  [-0.7217432787083125, 0.3455247727666640],
  [0.1834864883615299, -0.6056859035819172],
  [0.3626657263197008, -0.5376948858377828],
  [-0.0660370149417750, -0.5417217467720047],
  [0.7229058258377784, -0.3297485740299608],
  [-0.5330467463476174, 0.2115565340621378],
  [-0.2007905594280756, 0.7839969865631393],
  [-0.5735940730130604, 0.2216216514402230],
  [-0.2630311223320194, 0.2646298319905745],
  [0.0671959512130179, -0.2245116149147307],
  [0.0638382009678937, 0.8809462263396706],
  [-0.6352939123325251, 0.0361963694077796],
  [-0.0510182734150219, 0.2898990823483207],
  [-0.2376503213257100, 0.0739168891274233],
  [0.0590586738134605, 0.8078465446926065],
  [-0.2867361229049901, 0.1980820931038448],
  [0.0618609781288495, -0.1029224627473464],
  [0.6994760736301349, -0.1970072654484828],
  [-0.4555493327312348, 0.2105703798247519],
  [0.3580400317298315, 0.2927750027839187],
  [-0.6423817348647812, 0.2484582527965874],
  [-0.4425064265288208, 0.4356669752497754],
  [-0.1849395483289925, -0.3199098282619910],
  [-0.1960140331500606, 0.5324284790706587],
  [0.4840621268674541, -0.3077544303854253],
  [0.2634265931776195, 0.1632802483088084],
  [-0.4010860140122221, 0.4179919149359545],
  [0.1909450482575350, -0.1151767571742668],
  [0.6851686506664854, 0.1080701701357272],
  [0.0855893358099913, -0.0663652096021103],
  [0.7478983868962683, -0.1175444842614246],
  [-0.2278861821465585, 0.1984312128665854],
  [-0.5830702626314195, -0.2545593373689377],
  [-0.1618694478525007, 0.6637906046786290],
  [0.5752775074315396, 0.7485825575646532],
  [0.5516455402572819, 0.0986741212002229],
  [0.4648200943724723, -0.0099142285452289],
  [-0.1416155225475319, -0.0385799922776206],
  [0.2884042278246511, -0.1323271984243132],
  [0.2079552494546337, 0.0926323763365132],
  [0.8313922400825037, -0.0527253856810275],
  [0.4806189702821634, -0.5340409379020733],
  [0.4627560969270765, -0.0545734740053697],
  [0.3840638069028589, -0.1587298741780578],
  [-0.5348916041832450, -0.0847586780120089],
  [-0.6603914613176693, -0.5089455522099128],
  [-0.3226220537920892, 0.0891408819498777],
  [-0.6992686482959191, -0.4459699591252397],
  [0.6310030208358521, -0.2677153436408456],
  [0.4185934589604505, -0.0719584133828837],
  [0.0328720017807427, -0.5236867015386100],
  [-0.0231253907314480, 0.6162041210053532],
  [-0.3557167723811737, 0.0390257905869849],
  [0.2297671575813646, -0.2536514970430530],
  [-0.1044696291264329, 0.4312282482800792],
  [0.3433986382865235, 0.0160366016835590],
  [0.6666796397837492, 0.2004652958000840],
  [0.0887865402412037, -0.5254075685554133],
  [0.3645522269306754, 0.5566679361795334],
  [0.1616140794467137, 0.5312487178593032],
  [-0.6505017026783905, 0.4322736593713504],
  [-0.4338075544986434, 0.2746006832845925],
  [0.1421299771605352, 0.4828858887602599],
  [-0.0810559645012197, 0.4761024183682765],
  [-0.0024187191896606, 0.2609893599250649],
  [-0.0142079247298116, 0.3125485770693228],
  [-0.2404942608278857, 0.8156507963083436],
  [0.2117701431116332, 0.6632618542157553],
  [-0.0107400341620940, 0.1771183781417359],
  [0.3004754481822249, 0.3626026035574313],
  [-0.0955338593508173, 0.0722492165742991],
  [0.3232464273739906, 0.2650678532005946],
  [-0.7052662918885602, -0.4908157427359042],
  [-0.5070462301731443, 0.0091795057607097],
  [-0.3650607646383222, 0.0960905688218249],
  [-0.8282484367555435, -0.4953605636833909],
  [-0.5492472596708851, -0.2877034377257932],
  [0.4427669287409394, 0.0270004699928386],
  [-0.4558223186952815, 0.1261040072215242],
  [-0.2191697906231100, -0.2442397976732903],
  [-0.1778330433396296, -0.3889246562419168],
  [-0.0839867750220967, 0.3932002226473841],
  [-0.1183661380341272, -0.6502860506616890],
  [0.6451839914329525, -0.1063284390644931],
  [-0.2082556874150928, -0.5135018406092529],
  [0.3076038358863111, 0.1421307037821126],
  [0.0886177410637271, -0.0237348073667040],
  [0.4207852838923339, 0.5736166687394786],
  [-0.2138316238560303, 0.1583391942237269],
  [0.3758450630366847, 0.0443883429605001],
  [-0.4084560005408146, -0.1074438842319384],
  [0.2754350057343620, -0.6262515400448202],
  [0.2962855869047288, -0.5545656508965392],
  [0.2184066044081508, 0.0508304320615930],
  [-0.4491976127497991, -0.3071553585500511],
  [-0.3755258172024546, -0.1352725261482187],
  [-0.3132775710086370, 0.4542267220157522],
  [-0.7091508834512479, -0.0395732899730281],
  [-0.0066153215775661, 0.3732215885722938],
  [0.0579921586424087, 0.4721893600292844],
  [-0.7893252236506322, 0.1536341452462155],
  [0.1239915195524759, 0.0525585628933158]
]
