[
  [0.6762190280102014, 0.3389834401488411],
  [0.3188241597747520, 0.0344816092789045],
  [-0.0161587731796976, 0.6198159128002840],
  [0.4822597166078943, 0.5745212061554458],
  [0.1864409515843912, 0.5389542380597824],
  [0.1033463436004874, 0.0573886454939873],
  [0.1365661579627309, 0.3211254360384661],
  [0.4946754307223554, 0.2408960791192287],
  [-0.0667227540416256, -0.2501300093607465],
  [-0.2640642588789528, 0.9281255988195990],
  [0.5578052573234163, -0.6835121424457126],
  [0.0235795422989147, 0.8123818960137992],
  [0.5675412568088511, -0.5788392514301065],
  [-0.6145395812000902, -0.4041702104344812],
  [-0.1188830332637234, -0.3723886511861167],
  [-0.1876742912267254, -0.5386088731177111],
  [0.2983535040996703, 0.1167707007725789],
  [0.0667204806520959, 0.5308980936353109],
  [-0.6208178677904449, -0.2849120761296976],
  [-0.5667622326082563, -0.0001498236148030],
  [0.0314964989107740, 0.0111440704456791],
  [-0.6428867728206552, 0.7658053113906093],
  [0.9985746783735389, -0.0512408388169322],
  [-0.0335220907322807, 0.0264226670430378],
  [0.3065997392547650, -0.0522662909208347],
  [0.0829726532304147, 0.2192175475182185],
  [-0.1313166216350630, -0.2302647125992927],
  [0.0111788743257908, 0.1658756614768700],
  [-0.3135625100646126, -0.3794607575698769],
  [0.5134198526690007, 0.5634655788958604],
  [-0.7659369471992751, 0.5188707529226991],
  [-0.0792073500915911, -0.3037858638518074],
  [-0.2459493891088128, 0.2245339274945783],
  [0.2276187409614280, -0.1763461209195348],
  [-0.2543386097701367, 0.5928004908740752],
  [-0.0359435057822970, -0.4445524817007531],
  [0.2831504146726980, -0.0372534943162201],
  [-0.9067941635047263, -0.3147561695615689],
  [-0.1311387711130975, 0.2741240683543847],
  [0.0566690040622924, 0.9983548656632265],
  [0.3260012838999152, 0.3096200381595240],
  [-0.3812388181905548, 0.2636310144374714],
  [-0.3568743960533816, -0.0475438722697742],
  [-0.3399574924200283, 0.4768486641478396],
  [-0.1670222434725379, 0.5428393791579846],
  [-0.2776041538136080, 0.4465583484422051],
  [-0.6787520410383786, -0.2594404318673576],
  [-0.8113875818029473, -0.0542593470728625],
  [0.0819907740807718, 0.0249471028157911],
  [0.2279692993799494, 0.7892944629717391],
  [-0.0217235826373413, 0.4601847027723557],
  [-0.3939548780271860, 0.5631448566690329],
  [-0.3933036758431846, -0.4868019986597412],
  [0.1101206165942720, 0.5728754314004195],
  [0.2506666590185998, 0.0736268871351085],
  [-0.1451740056135594, -0.0515465455507167],
  [0.1972041626571857, 0.2773072799972597],
  [0.5941786476396997, -0.5237507908240814],
  [-0.1344450399084028, -0.1679490109093303],
  [-0.4873028492691477, 0.1945522462158966],
  [-0.1246664594419209, -0.4064692540798437],
  [-0.0688490064157062, 0.0525923561135594],
  [0.5400774432379543, -0.7187100113344790],
  [0.4690936540594117, 0.8175517276069780],
  [-0.7547958255417884, -0.1307359006187329],
  [-0.8554791676928976, 0.5178372269772297],
  [-0.2247088301820148, -0.7661846651377466],
  [-0.0256763688718199, -0.4113693549453315],
  [-0.4415954635611195, 0.1235571310613331],
  [0.0749718576904388, -0.8194192735221787],
  [0.2675174313720018, 0.9634971206514971],
  [-0.7077835344071411, -0.0405892412418645],
  [-0.0508566752331720, 0.6372494240352637],
  [0.0875916815974448, -0.1943012446732071],
  [0.0591214048255219, -0.5969398011933668],
  [-0.1691946398409632, -0.3995608278127266],
  [-0.6195406954462116, 0.0241244402468714],
  [0.3312006855692504, -0.2966531352234674],
  [-0.1982308722975697, -0.5833654910038726],
  [-0.1599088952536129, -0.4836467954902643],
  [0.6706159024379612, 0.5011618195341603],
  [0.0519997540486843, 0.3844996183352460],
  [0.3597443683144526, -0.3799971657739675],
  [-0.3035569338614054, 0.6400191496893529],
  [-0.0913625666638470, -0.3679128985734593],
  [-0.3785347378805380, 0.3411236694634332],
  [0.0305414461303952, 0.0453210903039857],
  [0.4388872610055716, 0.2481610592258709],
  [-0.2649242124123890, -0.0224890269813076],
  [-0.1864172643620225, -0.4642332113434482],
  [-0.0160232937809771, 0.0755309580341628],
  [0.7095105407741630, -0.4028555689288850],
  [0.0174298971524423, -0.1483463736741865],
  [-0.7035213629867658, 0.4452310589220906],
  [-0.0000437949653005, 0.4277926934319723],
  [-0.0237605113047140, -0.1440257146763229],
  [0.1862552300804025, 0.2036237285098148],
  [-0.6484988745771050, 0.1327980645392783],
  [-0.7300801560933112, 0.3190811180969769],
  [0.0041770490647899, 0.2950781343425894],
  [0.3713945324907483, 0.3737354878346525],
  [-0.0756631486521841, -0.5192747634531304],
  [-0.0926613191735224, 0.4669446211595130],
  [-0.2178177328894367, 0.0311226862220230],
  [-0.3836271327905438, 0.4174586624730121],
  [-0.4976154079423202, 0.3867399177054287],
  [0.1744878089855847, -0.5211761358794320],
  [0.4524501857543313, -0.1140716873731105],
  [-0.7972712065770208, 0.2515395750231307],
  [-0.1007295186144364, -0.9362278352843627],
  [0.7576782629569575, 0.6526282631349394],
  [0.6352814800733249, 0.7722274579188567],
  [0.4687436647347406, -0.0816613211569203],
  [0.3667937755217089, 0.3374230750864040],
  [0.9137535933055390, 0.4061732334082361],
  [-0.0086863519567241, -0.5167814991016527],
  [0.1575742268341033, -0.5628498633971716],
  [-0.6248497757682074, -0.5656832043972660],
  [-0.4489615430386405, -0.3705559945387989],
  [-0.5046589207225008, 0.2475615653894429],
  [-0.0973840302415297, -0.4005398324734525],
  [0.1946031990979957, 0.6333985022652258],
  [0.3769194609927187, -0.1305859080478724],
  [-0.5015476665298998, -0.3910797917156343],
  [0.4395439938187491, 0.5834384450915445],
  [0.4489614801130736, -0.7323604181856330],
  [-0.4430255459426050, -0.1834865237913497],
  [-0.3591543932128666, 0.3684753262315492],
  [-0.0076315953884471, 0.1397952686032695],
  [-0.0775412300338854, 0.1414346617993407],
  [-0.5084364697304983, -0.3116857808525912],
  [0.2188675051659342, 0.5567873427823109],
  [0.1989320169893465, -0.7743923754282055],
  [-0.3577748310767008, -0.3869962471808382],
  [0.5978947741104226, 0.7532217753269528],
  [0.5022913828143388, 0.4050056567895573],
  [-0.1256644886334775, 0.0702193820551008],
  [0.5599539564632914, 0.4607357664189842],
  [-0.3166413843366708, 0.0023139922397798],
  [-0.5673921184301236, 0.1234879266445145],
  [0.1338178550851913, 0.5186044168055408],
  [-0.4877248785168977, -0.0209857629707839],
  [-0.7114800332610541, -0.6029084709720788],
  [-0.2318918086782530, -0.6881704414749660],
  [-0.3798013191639054, -0.7201185356108500],
  [0.0443455812121657, -0.9989696210680092],
  [-0.3058745220683188, -0.0661591797843108],
  [0.0163732285346002, -0.9998558766684369],
  [-0.0019605471890085, 0.5737310385917892],
  [0.1081856358581091, 0.5067062775723704],
  [0.4529377717925481, -0.6567491998392115],
  [0.2954526143998248, -0.6796369772547824],
  [0.0086322135668040, 0.6500524802716146],
  [0.3602193718868346, 0.6452570979169868],
  [-0.2204930818553617, 0.6728919460336982],
  [-0.7182141029084832, -0.4084157175055682],
  [0.8449824629469205, -0.5347940139083049],
  [-0.8971754588187378, 0.3384201986898036],
  [-0.5898021722428305, 0.3745896827356209],
  [0.3423586135902854, 0.4488787289238864],
  [0.0191773637526210, 0.4649392854466066],
  [0.6138735120963438, 0.0385738649820942],
  [-0.9625422754739961, 0.2710248605111267],
  [0.0583343422484797, 0.0036993991928016],
  [-0.2308263608070190, -0.4908746778651438],
  [0.8292320632132301, 0.1038512257276231],
  [-0.1772234956574574, 0.0655647135078504],
  [-0.2017115602232615, 0.0082049593525053],
  [0.2114258267987161, 0.2182886273543890],
  [-0.1690899813572313, -0.4420803396185227],
  [0.9160248826476372, -0.4011214459118120],
  [-0.7944686792778753, 0.2887757515419193],
  [-0.1225642016951063, -0.0106965536889775],
  [-0.2550241439124282, 0.5141553340033622],
  [0.3916024953288900, -0.4173673032954275],
  [-0.0816194859094588, 0.2336814997811793],
  [0.5742921756952376, -0.2202617042473774],
  [-0.2847372094771681, -0.1836611839617159],
  [0.7222898140839654, 0.2878916265209734],
  [0.3468369902927306, -0.6590271803093188],
  [0.5699089311292681, -0.3202783772798674],
  [-0.1081023212810898, 0.5118456835964438],
  [0.2485683131636747, -0.0553024675403637],
  [-0.8311213391661384, -0.5558971340763097],
  [0.2440915987626881, -0.5663601279318085],
  [0.2844712529667545, 0.3080544067677215],
  [-0.1129790101860618, 0.6086657808174084],
  [0.5923072264253034, -0.1458876968628284],
  [0.0072800515752725, -0.4844805432087743],
  [-0.1635904175603821, 0.3071091915903350],
  [0.9734840189888478, 0.0340697838424075],
  [0.1396140281152054, 0.9901973051712880],
  [-0.0398869322137924, 0.0583210940837779],
  [-0.6174571395426341, 0.2252112289479474],
  [0.0946292927743922, -0.2219662933535179],
  [-0.3758766121901012, -0.3493119552237496],
  [0.4648004891675908, -0.5054029601479008],
  [0.7392459160343859, 0.6734264339606764],
  [-0.1748945569463655, 0.2138822430333557],
  [-0.0988319891490804, -0.6776969837621492],
  [-0.1544509412478504, -0.0836600152886648],
  [0.3207098604627204, 0.9470801016437774],
  [-0.3801515328675445, 0.7399011225355381],
  [0.0732836563948918, -0.1364350900750092],
  [-0.9618605331494465, -0.2732445716375548],
  [0.3478737255544310, 0.0285427305159013],
  [0.3707103946658480, 0.1974530502657393],
  [-0.4082537602454361, 0.9127859326888687],
  [0.1073411915752970, -0.2788284830773617],
  [0.1596706407866063, 0.1921225209490190],
  [-0.4085842508736077, -0.3410209743427990],
  [0.1129433698061536, 0.2875000602079727],
  [-0.5638391848157762, 0.3441511787345430],
  [0.7952609091970214, 0.0308079844285584],
  [0.2776459272381387, -0.5635287682385731],
  [-0.1668633537732790, -0.6933255972157605],
  [-0.0803704599396274, -0.4851655472587958],
  [-0.2769834606916394, -0.5490356587140465],
  [-0.7927558518322005, 0.6095393009362089],
  [-0.3163588920578024, -0.4338723453394963],
  [-0.3993245879853129, 0.0119562059851841],
  [0.0182439289055439, -0.0137959251635083],
  [0.0028932036347708, -0.3785582586427624],
  [0.7817231813366824, 0.0987366163366770],
  [0.5025790569534231, -0.2115389526818263],
  [0.1713611183050372, -0.1523406677458438],
  [0.1752050258077124, 0.3647064180881111],
  [-0.0289300936029370, -0.5917935363031528],
  [-0.2818251277978223, 0.6128003572013423],
  [-0.6562300060786215, -0.4896107735255097],
  [-0.1462512191257445, 0.6498195930045921],
  [0.6699991103901881, 0.4405467097350330],
  [-0.4699918858514672, 0.2164185023802172],
  [0.4719969683461430, 0.1023788719625126],
  [0.6236503659167678, 0.2603519333612436],
  [0.0548844585978229, 0.0315746368442455],
  [0.5526098771582365, 0.0370063314572031],
  [-0.6187275156393151, 0.1915563787632698],
  [0.8297911007749624, -0.5580741250718185],
  [-0.2063492318953655, -0.4435438001573720],
  [-0.4090683191094103, 0.7495682876029683],
  [-0.6064662167846633, -0.0098800086191086],
  [0.9818551650777445, -0.1891589994429715],
  [-0.2852075666016758, 0.0109441715715581],
  [0.2494783828415560, -0.7545344234466099],
  [-0.3048561030029774, -0.1489319624401516],
  [-0.0885333777831378, 0.0866689017948485],
  [0.2223953248503124, 0.4709649909063264],
  [0.4815999766560932, -0.3714634146039318],
  [-0.0615047783705487, 0.0794159768216131],
  [0.3592448373885226, -0.2465940376332854],
  [-0.6853581535282642, -0.7281426092370430],
  [-0.0996553367866938, 0.1672543166336010],
  [0.2056810846031966, 0.4330986204728252],
  [0.1624224781564009, -0.2509464513782745],
  [-0.5379543008726264, -0.5107085401540206],
  [0.0710793998030468, -0.6505449270613545],
  [-0.0577646844008140, 0.1205468193084487],
  [0.6388595901227035, 0.0954084662865382],
  [-0.6111623831079198, 0.2849100626128203],
  [-0.0000537691033548, -0.0983309786112890],
  [0.3015324370578635, -0.8060886288646242],
  [0.3983463656300440, -0.7475895539681896],
  [0.1108703450919541, 0.4749755436896435],
  [-0.3181903492106632, 0.2686638847411540],
  [0.4645924274089662, -0.0387484551847867],
  [0.6474095109829970, -0.6628777823139990],
  [-0.3670155929341746, -0.2492005449443190],
  [0.2149494456185475, -0.7317859111892679],
  [-0.5539207026013697, -0.8325634977495562],
  [-0.1191922987618409, -0.0394182167248181],
  [0.3963848836060653, -0.5255347417668761],
  [0.5291089472096927, 0.3780857654650135],
  [0.2791876212693494, 0.0464640166582336],
  [-0.5424487148165119, -0.0537884004313366],
  [-0.4530029752023995, 0.5583233315543499],
  [0.4226877142545086, -0.9062125034701415],
  [-0.3834678098934243, -0.6451534462705609],
  [0.8334316805852685, 0.5523546885225645],
  [-0.4229874923300950, -0.6701742329766691],
  [-0.5564671431602757, -0.4544347079106605],
  [0.0655362800972733, 0.3555477059607153],
  [-0.1590758076126399, 0.8658603640809176],
  [-0.5282816466586039, 0.6441707945479588],
  [-0.1648199405033122, -0.3323169746133894],
  [-0.0139035059611560, 0.1052971653401878],
  [0.2237146853127410, -0.0678795286543594],
  [-0.5262666379345902, 0.0218655389104480],
  [-0.6834487176453442, -0.0890663361020391],
  [0.1805472231844069, -0.4092790877399741],
  [-0.3523359390728847, -0.3312467386440234],
  [0.4611607901345030, -0.0045140436373920],
  [0.2361752770251237, -0.1020809295027351],
  [0.1179152298338440, 0.3566237018187027],
  [-0.3518832182836078, 0.9360331980763241],
  [0.9711504508958699, 0.2382455390561506],
  [-0.5962639957267806, 0.1078348327800250],
  [-0.1489480535965257, -0.4224298801832624],
  [0.0418160461385231, -0.0616545857447597],
  [0.6648285439803657, 0.7101614696664735],
  [0.3343605118055226, 0.5902009891316541],
  [-0.3135254521852512, 0.5074475492164351],
  [0.4541714109627170, 0.4973600122299536],
  [0.1982856140677756, -0.4508423618365324],
  [-0.0345881925127625, 0.3170527812295240],
  [0.8252752566824020, 0.1378366131014855],
  [0.0838298973374667, 0.2472042754144379],
  [-0.3237222839919839, 0.8947651633012739],
  [0.1263333237341012, -0.4977521766939862],
  [0.2658480561877967, -0.3557306591775852],
  [0.0527040886422218, 0.6573248827981071],
  [-0.4334456152188518, 0.9010937502720348],
  [-0.4594724930332412, -0.2109505046083258],
  [0.0333953411909102, 0.9019781138005816],
  [0.6931392100246837, 0.3933105696050972],
  [0.6641676899374728, 0.1364042682064490],
  [0.0554362964476528, -0.2701618922626081],
  [0.9942248890580547, -0.1066455464561075],
  [-0.2112197703827095, -0.2440964663562914],
  [-0.3312317046954091, 0.5940401951872333],
  [-0.3396459335138254, -0.8836420451739933],
  [0.3884524453091895, -0.1590928822113185],
  [0.2767822420469797, 0.6530400691010101],
  [0.2041022045454093, -0.0877182514105736],
  [-0.1341425087406691, 0.7775508121532803],
  [-0.0622832236174188, 0.3133848673310508],
  [-0.4078541926980011, -0.9130307464798572],
  [-0.0536654686160575, 0.3420181847141602],
  [-0.9775039224636233, -0.0565317579611342],
  [-0.4013541392289048, 0.5009698083315285],
  [0.3514776081485213, 0.7111172409203038],
  [-0.7081276817854855, 0.3524791608399556],
  [0.0055589581749579, 0.2105795974823096],
  [0.1062592242294635, 0.0854799446529045],
  [0.6266031179703473, -0.1906289319572690],
  [-0.1060166813198596, -0.1608603567564755],
  [0.1851039178236210, -0.9826928719720448],
  [0.6374151937391623, -0.7165231265443367],
  [0.2732051550895121, -0.2558734421794203],
  [0.7611629944397593, 0.0691536739916717],
  [0.1990381864117476, 0.0936785578166636],
  [0.0854278817433695, -0.0028301019523837],
  [0.7875232483162135, -0.6162849449414449],
  [0.7754790896192792, 0.6313037348072221],
  [0.1871846381635640, 0.1748831576737325],
  [-0.7992201905749258, -0.1018559882529874],
  [0.2552987876436385, -0.6466203732348459],
  [-0.6457729468015901, 0.2867171687735329],
  [-0.2486191204459983, 0.0833559304299582],
  [0.8674970482406253, 0.2246291240976071],
  [-0.4553782604378044, 0.4563342669254911],
  [-0.8014547201165322, 0.4964987301881080],
  [-0.2091996580014125, -0.3830753571994912],
  [-0.0695436272187900, -0.3990584334571923],
  [-0.9592830094176465, 0.0830604520051066],
  [0.5292477061722183, 0.4119671268418851],
  [0.2872805914032422, -0.0774254183598308],
  [0.0663796151147039, 0.7448631733320181],
  [0.7844356564760289, 0.4221646661983774],
  [-0.2588476320430190, 0.1321671519670519],
  [-0.1564602786995788, -0.3052391569485354],
  [-0.7189132615657967, 0.6122522904345640],
  [0.2260276816597628, 0.0868708307744267],
  [0.2014668997502579, 0.5042873227720894],
  [0.8989408651627547, -0.0410538636516775],
  [-0.4229682882434429, 0.2346844191861482],
  [0.4221437738652726, 0.0610656684955174],
  [-0.4336222415596636, -0.5302731057413913],
  [-0.3245405961023350, 0.1867980402234115],
  [0.3740740473759763, -0.0721272722470338],
  [0.2074369547210761, -0.2630350316049977],
  [-0.1706767879386485, -0.2490197241894087],
  [-0.0616586155784190, 0.9980781547114734],
  [-0.2103062738510597, -0.3505533570644777],
  [-0.3327026781483213, -0.1474807101559789],
  [-0.6211027362198852, -0.1855649872983628],
  [-0.2999014806915132, 0.0967278362469419],
  [-0.6695842795928714, -0.0295149435106342],
  [0.7303066243733284, 0.2153416434881839],
  [0.6060219137521949, 0.7036662135701329],
  [-0.4868795715034738, -0.4943705073537674],
  [0.4498679462085552, 0.1233679808431861],
  [0.1722065542816638, 0.7222374586152909],
  [-0.7762162675437303, -0.2759179560824605],
  [-0.1770491580675757, -0.0051757100511439],
  [-0.6284642343733799, -0.6963207505132231],
  [-0.3840113879897630, 0.1178568558015300],
  [0.4145024274560905, 0.3035145727862873],
  [-0.2396621968643719, 0.3836592763179620],
  [0.1873571013411030, 0.3061506676423658],
  [0.1053118944018833, -0.4760764653417940],
  [0.1577107286404853, -0.9874465801520145],
  [0.0542886436309963, 0.2130749577182981],
  [0.5300094732390975, -0.2775136128882255],
  [0.0838326750236084, -0.5079603586606195],
  [0.0767371383812951, 0.9423252753280308],
  [-0.9945517778524166, -0.1042437584251338],
  [-0.4768709683680080, 0.0859101125471059],
  [0.5862641590308274, -0.4825514696727757],
  [0.2491822840033663, 0.4620577890548239],
  [-0.3156862472949650, -0.7292209582212762],
  [0.0562934505552985, 0.4723662579789301],
  [-0.3491112987676994, 0.4418915883454719],
  [0.0648768327924675, -0.0365345249873787],
  [-0.9242060118504121, -0.3816321894142530],
  [-0.0651011203136653, 0.4926199792304804],
  [-0.0273010819839369, -0.6387038321841891],
  [0.2639152949852065, 0.7735431010771289],
  [-0.8704845804211417, 0.3658776110202722],
  [0.0841377748378984, -0.3439962992284516],
  [0.0053733078972007, -0.0573278796104446],
  [-0.4700779258484596, 0.6945112359868273],
  [-0.1192715106107895, -0.2712990836060330],
  [-0.2374707832186869, 0.4142564857298587],
  [0.0496369973581147, -0.7946135158904359],
  [0.0568957518216181, 0.4357442388990747],
  [-0.2778693367799222, 0.4963635590842282],
  [0.9908751620774633, -0.1342653860606000],
  [0.7201670159023814, 0.6937218606546803],
  [0.2862646412780880, 0.5803912133031707],
  [-0.5057110164240163, 0.8599011457610035],
  [0.7666811355193635, -0.0472160953068973],
  [0.1126717346791906, 0.8327399438213943],
  [0.2435134115381483, 0.2044849149965649],
  [-0.0543302567827788, 0.2795404091376573],
  [-0.6656506738916589, -0.3014114628752428],
  [-0.0236454181158949, 0.7148332063583971],
  [0.0788743131110143, -0.3124254004415382],
  [-0.0642169218873377, 0.7057260570738361],
  [0.2931113468362809, -0.9560783118321539],
  [-0.1135133601653139, -0.1058793816667764],
  [-0.3300329559088518, -0.5554032363807009],
  [-0.6998021080214412, 0.6446470567163247],
  [-0.3060798169433368, 0.4584649624026167],
  [-0.1279887883170880, -0.7714554945801978],
  [0.2304777539533241, -0.0114477631856281],
  [-0.4172544289799642, -0.8595397814832422],
  [-0.5261549715120358, 0.2275739945392652],
  [0.0820102606725173, -0.6949699277658814],
  [-0.2789225023693296, 0.7181016255633365],
  [-0.5877451960994465, -0.2734162979255574],
  [-0.1799353370759182, -0.7854014739664187],
  [-0.2275483004438093, -0.1348359298605810],
  [0.1512648804878988, 0.7846028269635648],
  [-0.1844994198208348, -0.7372418731433887],
  [-0.4765018455437443, -0.3608031005996687],
  [0.2789181986479495, 0.4918267142002458],
  [-0.5711001332954195, 0.2138585410312604],
  [-0.4463109317532581, 0.1569820724015268],
  [-0.4330491449766137, -0.6212269758596718],
  [0.2656377201874463, 0.1873483361400170],
  [-0.1097915029687120, 0.5530203419743558],
  [0.5098169488327784, 0.1297880966213613],
  [0.9387209719009623, 0.3446159095279951],
  [-0.5761463770560874, -0.6806523399430757],
  [0.8345305482586279, 0.0136022863773930],
  [0.3394567263625436, -0.1344477665528968],
  [-0.2375141202247153, -0.3330128794250763],
  [-0.6639521545800973, 0.7476559564248315],
  [-0.4198210243248383, -0.1182370180939557],
  [0.5654902560641336, -0.2648804347375185],
  [0.1586358559042339, 0.0337296763846871],
  [0.1120565633032358, 0.9936888766525360],
  [0.7104777591039594, -0.4664192002957279],
  [-0.3983696585513430, -0.0219509309797778],
  [-0.1346675523760343, -0.7143911955146397],
  [-0.0852905919676518, -0.9963372605530704],
  [0.0245087572342347, -0.2026796680131261],
  [-0.2676563476264845, -0.3601651588949253],
  [-0.2949828191409010, -0.2903598196235395],
  [-0.1856494507646616, 0.3248968820071121],
  [-0.2349111996522746, -0.1893435516521586],
  [0.7800363011923772, 0.2696827371299175],
  [-0.3556725411588240, -0.9345726243208928],
  [0.5520067006698043, 0.1670298706541348],
  [0.9814139252735894, -0.0025381616578044],
  [-0.0892289165493037, 0.2925112578533169],
  [-0.5687766712419465, -0.7831073018753170],
  [0.3271400703236284, 0.8905975412091849],
  [-0.2079543689275630, 0.4046211600972906],
  [0.5143733608037983, -0.3299818549938959],
  [0.3525945088553129, -0.2174782310564002],
  [-0.0913902690188270, -0.4479474539678034],
  [0.7690709631968923, -0.3315452042295311],
  [0.0420902491723333, 0.6161515586483209],
  [0.1010447834651038, 0.6664158157191928],
  [0.5328522273914823, -0.2391687957444190],
  [0.3141014267673356, -0.0865134155643855],
  [-0.0902919775554362, -0.7683687732461555],
  [-0.0177411396827141, 0.2385236502565922],
  [-0.0407323880913360, 0.0980988306774682],
  [0.5558235099727580, -0.6312670934527653],
  [-0.7680878388939233, 0.6403444945833943],
  [0.5002383199643619, 0.3574197155225711],
  [0.9169894918082888, 0.1710824470227505],
  [-0.1467058771001018, 0.4727372944155650],
  [0.1725795427863578, 0.2348870015447521],
  [-0.1770514974841002, 0.0949844089561773],
  [-0.4466967686295080, -0.1407900733153369],
  [-0.5722435322592717, -0.1962635002093570],
  [0.1251933975363875, -0.2367474074162760],
  [-0.9347965356639577, -0.3551256297267481],
  [-0.1299250749940606, 0.3787696584584032],
  [0.1417467046254657, -0.6512772340043097],
  [-0.6389669125784596, 0.0692945808286268],
  [-0.2974775136047045, 0.3452907661958510],
  [-0.5385511568945668, 0.5965787608823145],
  [-0.7328299191566415, -0.2486457363775712],
  [0.3059239748045983, -0.2764955987223673],
  [-0.7630348808324706, 0.5622445065570549],
  [-0.1347052605686528, 0.2400797193450932],
  [0.8223720521788777, -0.3265595231727085],
  [0.4807838883852228, -0.8181218981508416],
  [0.1546926862112103, -0.3848549989644626],
  [0.0960453072355105, -0.3967251153274168],
  [-0.0261562432575524, -0.1764633399604577],
  [-0.1829764087230131, 0.1538649486316273],
  [0.7054747137207734, 0.0079337934669077],
  [-0.3898220092184824, 0.6120747123294363],
  [0.2286482104101863, -0.3700930159616407],
  [0.7075558390515778, 0.5088598157672561],
  [-0.1938430606205941, -0.6291042928176925],
  [0.0879090581548334, 0.2751942701127011],
  [0.6026710960834412, -0.0513676390633804],
  [0.6303800661399005, -0.7762390719074242],
  [-0.2798131748100082, 0.3108463093078607],
  [-0.6213313018247129, -0.7834989881382731],
  [-0.3785411135862889, -0.8849889554328645],
  [0.3164855476453237, -0.4317771760144137],
  [0.4177386436289732, -0.8447737540942208],
  [-0.5898297000814350, -0.1574971587242435],
  [-0.0818045700965166, -0.0440911796513072],
  [0.0737545098980993, 0.8024146804008546],
  [-0.6369940717863317, -0.3276982846698342],
  [-0.5671395659867134, 0.4906382125556923],
  [-0.4497476846923679, 0.0798240472393996],
  [-0.3328514427519311, 0.1513441153129157],
  [0.4147566049533468, -0.1294347421040159],
  [0.4029661160132814, 0.3524201518867352],
  [-0.3702891161871366, 0.4735763868279205],
  [-0.0662245083584348, 0.0249388400944528],
  [0.2563309020009944, -0.4241594728145751],
  [0.0079338019014042, 0.3995203361580462],
  [0.4244213258749805, 0.4229058178004778],
  [-0.2997189963345239, 0.1992677284006757],
  [-0.0532815568983677, -0.1020251363250298],
  [0.4216910942424401, 0.4971821514692910],
  [-0.2611775853778086, -0.7840105252160010],
  [-0.8959491192747391, -0.0802687726406623],
  [-0.3295698050317178, -0.9440808989011665],
  [-0.3719034027142867, 0.0073539050447677],
  [-0.7632481086003454, 0.2642402863485169],
  [0.5260833309976820, 0.0104521990295020],
  [-0.1570231837665276, -0.2194397846945303],
  [0.1089714179463899, 0.3165842082080683],
  [0.8078690716191875, -0.1494760203803187],
  [-0.5976056833190937, 0.3207315235741330],
  [-0.2708116882027838, 0.3374115040952822],
  [-0.0972901142326036, 0.9559525160646317],
  [-0.3501383516154971, 0.3969560006522398],
  [-0.1767279306896686, -0.3727562773723637],
  [0.4692501921128109, 0.2704561605883115],
  [-0.0364157851548707, -0.3563098108204599],
  [-0.1748433373220337, 0.1814334497516080],
  [0.6698412873539396, -0.3377813149047482],
  [-0.9468801612900954, 0.2150096024186784],
  [0.0169511523586484, -0.5395683565853081],
  [-0.6841194605326111, -0.4043420731923026],
  [-0.3619033510551170, -0.2214796187841980],
  [-0.5598217829608447, 0.2425165059101577],
  [-0.3051260851571909, 0.5457679394662222],
  [0.3851098816083290, 0.7331731188838461],
  [0.3246116297485499, -0.6151358853915145],
  [0.0113597829832564, 0.2466942060018849],
  [-0.0431969432318716, -0.3035415512699558],
  [-0.2907695074453067, -0.8240349344961747],
  [0.3207552495596945, -0.1138489459323560],
  [-0.4281234168913634, 0.8334817142293567],
  [-0.9545573418140689, 0.2979687832109726],
  [-0.2267060063663415, -0.0398887330597219],
  [0.7759801314975319, -0.1458625893100240],
  [-0.5291838894773967, -0.3528544141133275],
  [-0.7495089777378886, 0.0924272065002063],
  [0.4050884554631151, 0.0367367394680043],
  [0.4817030410025209, 0.1869323981540109],
  [-0.0575730248167818, -0.9983301460126484],
  [-0.1280695266188687, 0.1603508372692849],
  [-0.1173561576389732, 0.9930320992539479],
  [0.9876503118004947, 0.1565424064853763],
  [0.2704529247029673, 0.1197216087438069],
  [-0.3868495571683482, 0.0387418805478255],
  [-0.0729735653632752, 0.1981912893234518],
  [0.8595130299071005, -0.5111138341112630],
  [-0.1995709848340466, 0.7305864641682593],
  [-0.3344771283075214, -0.2697383549370814],
  [0.1083469628484194, -0.5533227790458841],
  [0.1127222681129267, -0.1631210476656990],
  [0.0430048336040195, -0.6620799557257674],
  [-0.3375630328604025, -0.5124540796030781],
  [-0.0138082234750651, -0.6681110141742311],
  [0.2724692158822044, 0.4431153410956675],
  [0.5387163726751717, -0.3098890452504247],
  [0.7207740066855700, 0.3377696332748077],
  [0.6163732277298071, 0.3325050516843917],
  [-0.0957510661270392, 0.0598172468806827],
  [0.0710397512903504, -0.4089033702336617],
  [-0.0712477389298506, -0.0699249283168102],
  [0.3812374013729069, -0.3451458091764176],
  [-0.3031135235565516, -0.3464399075527529],
  [-0.0539061156585919, -0.5478482469868756],
  [-0.2334038024344733, 0.5530441869723518],
  [0.1393171236589162, 0.2756021189963881],
  [0.3404708511358999, -0.4524771237654848],
  [0.6213070103699562, -0.3792695873695010],
  [0.5425516846985630, -0.4474743783732240],
  [0.2484761978201002, -0.9001127573058737],
  [-0.5230491306029413, 0.3672036915438446],
  [-0.4864305454083127, -0.7979288043540703],
  [-0.1334295366649627, 0.8273095367107856],
  [-0.6662797500227815, 0.0212182199783523],
  [-0.3816988034012140, -0.9242753803346488],
  [0.1394204922168576, 0.6157803615903905],
  [-0.3404420870063031, -0.2973695052942654],
  [-0.3061054052305566, 0.1438438209735691],
  [-0.9822342307697512, 0.1874286508342229],
  [0.3267224177784694, 0.3726832848442399],
  [0.3303687071949478, 0.1209460682631169],
  [-0.3776985654198766, -0.3034014320991088],
  [0.2637311256297877, -0.2858565696607016],
  [-0.5590413872727460, 0.2733028922406874],
  [-0.2680909536446728, 0.2428577101689968],
  [0.8080642370269189, 0.5197441042388808],
  [0.2349106427613540, -0.2829708258113925],
  [-0.7533455746857163, -0.5840149960378701],
  [0.0753034271227863, -0.0836672478956586],
  [0.1011955519293653, -0.1370985462934621],
  [0.4539773484701892, 0.0335133140333016],
  [-0.0021871485460405, 0.9999800463847831],
  [-0.4959770244864287, 0.3309158217528825],
  [0.5188297504145082, 0.1953983601935519],
  [0.8443802422371162, 0.3802313305883001],
  [0.9268404167257815, -0.3754555125758308],
  [0.6852138955141038, -0.5657328059133397],
  [-0.6391527758153414, -0.0121405323647560],
  [0.2942277067508968, 0.9556471261698395],
  [-0.5597979564679961, -0.2482193635101928],
  [0.4476796901129029, -0.8941132671837884],
  [0.0211627647587465, -0.0803379408243636],
  [0.7730821756447176, -0.4798612148156006],
  [0.6515379316301740, 0.3672226657732427],
  [0.7554276105456821, 0.2922372424517459],
  [-0.1002689893554063, 0.3709625354019591],
  [-0.4870083938100477, 0.4589838621523381],
  [0.3559962623140914, 0.2899232508781013],
  [0.5095097049845284, 0.7963945764392723],
  [-0.3694703278182684, -0.2768698550853353],
  [0.9828978212702540, 0.1839188909197540],
  [0.3271713272763744, 0.5605035614845838],
  [0.0134463634748545, 0.0908100242106756],
  [-0.0325118879305742, 0.2623262505507243],
  [-0.4111142926753594, 0.1243407973064970],
  [-0.1141945311715739, 0.7218619011778035],
  [-0.5768299890488948, -0.8168545979555908],
  [-0.2711132281070312, 0.0654705981998030],
  [-0.6250159462121760, -0.0610581273111428],
  [-0.1244713636058533, 0.6771079051617639],
  [-0.3249119372120080, 0.9457442746626280],
  [-0.1753519032980480, 0.1270605702056946],
  [0.4378715136577890, 0.1584412718817040],
  [-0.1750445588070030, -0.2768498211214498],
  [0.6009481661861192, -0.2662741666232268],
  [0.6907798147729702, -0.2457040223817404],
  [-0.2806720943713120, -0.0535357671201499],
  [0.8257627402781673, 0.0510218209223025],
  [0.1546813773293215, 0.0613325210791696],
  [-0.2291971330120198, 0.3496848683288221],
  [-0.1381444488046582, 0.3184544477314247],
  [-0.0157463479723313, 0.0049238480043501],
  [0.2299407561678405, -0.5424046768871257],
  [-0.6550731011365909, 0.1735502596948246],
  [-0.2001710241956398, 0.1126765049845062],
  [0.9020713368968557, 0.4313740375030958],
  [0.4598099799678625, -0.4153122359772989],
  [0.2766241931495677, 0.3986692721404723],
  [-0.1612506939893194, 0.3414486255189467],
  [-0.5824562232910737, 0.1846386245600642],
  [0.8484991117973597, 0.5288979910831166],
  [-0.0435390458346899, -0.0726549568852500],
  [0.6320484916985021, -0.3458908351733078],
  [-0.2357270829185044, -0.0132687552780914],
  [-0.5245202503105020, 0.3387090018893975],
  [-0.3530991869902110, 0.2502501811261441],
  [0.2009915707160328, -0.8661837480302800],
  [-0.8280860145499663, 0.4677501584651772],
  [0.4972975811928720, 0.0510856580270070],
  [-0.0282821476717523, 0.2898062389401779],
  [-0.1896209276719815, -0.0991518089010100],
  [-0.3652784920423762, -0.6867043120669515],
  [-0.9008076686805910, -0.4340570994555392],
  [0.1813197235367625, -0.4924889808524088],
  [-0.0081547704280185, 0.3263571898369018],
  [-0.3827720388603632, 0.9238428255210303],
  [0.2035473787569929, -0.3569712785207284],
  [-0.2765132704599659, -0.9609309123073332],
  [0.4072393666154941, -0.4683608656473046],
  [0.6424187902685552, -0.2485585570125917],
  [0.3082007723481752, 0.4807362133185243],
  [0.8560909740109546, -0.2266633288968814],
  [-0.2503705623615953, -0.1509093118564718],
  [-0.5928816052091153, -0.3250307953571031],
  [-0.4204922543584636, 0.0646713633858269],
  [-0.2776553537794113, 0.5501696465871915],
  [-0.9330841133548060, 0.3155940690916163],
  [-0.4944426499945679, 0.4246627580930450],
  [0.7335298701012972, 0.5949984211677394],
  [-0.4880045578581934, 0.6537145875215382],
  [-0.3023654194239587, -0.5308950908017470],
  [-0.3796800089388818, 0.5220792620919038],
  [-0.4169241312004863, -0.1693484307181975],
  [0.6703260923945126, -0.1902752586238659],
  [-0.5221480015235347, -0.1566545907938031],
  [0.1136988073173321, 0.2539417147082957],
  [0.7170296102291330, -0.0270874956099336],
  [-0.5366126560871837, -0.6837568248447089],
  [0.6338715588804243, 0.0142823782698689],
  [-0.6778319401875632, -0.6532803282107355],
  [-0.5179793714748031, 0.2816972056296558],
  [-0.7818524864796307, -0.5622187059193616],
  [0.6206010335072094, 0.4897792926363914],
  [-0.7476880159815563, 0.3722310901981953],
  [0.9050380307576646, -0.1587691593976058],
  [-0.2883523804570015, 0.1223688764989939],
  [0.6335822087415167, -0.0751773738184292],
  [-0.5637444589413896, 0.5560249073402442],
  [-0.2965998787488225, 0.0363313317914600],
  [-0.7499133541259904, -0.0685286301073950],
  [-0.7620283322758789, -0.6474782850956114],
  [-0.8294784798218510, 0.4211739301707854],
  [0.4784087628858216, 0.6145093639060301],
  [-0.0615876544923648, -0.9501141574515126],
  [-0.2555567566681440, -0.2080461824381501],
  [-0.3761887773940399, 0.1645666191938889],
  [-0.2301643651740352, 0.9731297019594030],
  [-0.6096181932409022, -0.2210082255043779],
  [0.1780125578323020, 0.8293295405023713],
  [0.4505928977492681, -0.6063715579647753],
  [-0.2196369402655669, 0.2928886333440220],
  [0.1422340387368314, 0.2467279740891977],
  [0.3955026300119355, -0.0933341992443512],
  [-0.9042820847326237, 0.1826388572814728],
  [-0.5359162871872092, 0.4067610164269414],
  [-0.0163544034761836, -0.7477622948530487],
  [0.4723409805586887, -0.8813294613412311],
  [0.0512429136857745, 0.1030456949982112],
  [-0.1896449093296683, 0.0345326633970985],
  [0.3829063926938115, -0.2226894152777167],
  [0.2991617824950919, -0.1314220269272063],
  [-0.0604482088397112, -0.0233684098564109],
  [-0.1397122531187226, -0.6671359643443356],
  [-0.7450841951177211, -0.1787899702693151],
  [0.5288728899533792, 0.0649995309982709],
  [0.0277552851767548, 0.4301746809875819],
  [0.0752608597178114, -0.1692008616163380],
  [-0.6646423234980837, -0.7471183989518877],
  [0.3676070137614253, -0.7485011652588597],
  [0.5649894042219180, -0.3608916916103029],
  [0.1738335127909902, -0.6672042141379788],
  [-0.6894137204778009, -0.3589155887820699],
  [-0.4038581290513471, 0.2948594319423454],
  [0.2331803028300416, 0.2621954401768720],
  [0.1464354982423667, 0.1331301219444864],
  [-0.4534404485397019, 0.0024619232661551],
  [0.8000441893477180, 0.2107691634494901],
  [-0.1278377836109117, 0.1204912765028321],
  [0.8903542934119774, -0.0721615987330548],
  [0.4263236515824574, 0.2734280511018746],
  [-0.6161710790333452, 0.3599460415278195],
  [-0.2841175432877208, -0.5905818395136798],
  [0.8753171106919095, 0.2645084296142307],
  [-0.7896663026622153, -0.2387160526407387],
  [0.0555649021280942, -0.1900619882691872],
  [0.4659524529053078, 0.1569857723321123],
  [0.4484637718720790, 0.8937738124379119],
  [-0.1534948692008211, 0.1097082308406843],
  [0.1742204790955365, 0.0102624959848879],
  [-0.5142987398188495, -0.4633810661559767],
  [0.0808114935441148, -0.7745119393445171],
  [0.9564444746600578, 0.2918418505164256],
  [0.2188593958337501, 0.9526899856498756],
  [0.1377154105025155, 0.2186771153906950],
  [0.5888186373829183, 0.0958756977590431],
  [-0.3416616384639695, -0.0128003765895837],
  [-0.7563763921163611, 0.3085386961923566],
  [0.3221731803572520, -0.7373515378248339],
  [-0.2108418302468358, 0.6396465842264155],
  [0.1680307697465507, -0.9280997330314223],
  [0.3916008995282473, -0.0501913715578397],
  [-0.6997799368312181, 0.2258181903803677],
  [-0.6163865999692126, 0.7284184034932947],
  [0.2098972849527368, -0.1979731137120453],
  [-0.6732785386275809, 0.3111725577081769],
  [0.6010224249550014, -0.4397889780512754],
  [0.3711250727051230, -0.4938265835958124],
  [0.6336520028292603, -0.0400653603465911],
  [0.5255806893304540, 0.4501074082357199],
  [0.0342467120094609, -0.8234302139610279],
  [0.3557213059773803, 0.2209694863506938],
  [-0.4756700361648549, -0.4147872110293599],
  [0.5679828730261900, 0.8230260036904475],
  [-0.7968217736685448, -0.6041655413900585],
  [0.3469115329137381, 0.9378409916014484],
  [-0.0205630194916676, 0.2008320483578345],
  [0.5387238325907703, -0.0678971854155862],
  [-0.6702575438039936, -0.0597549993747774],
  [-0.4228576157327827, -0.4650326810113701],
  [-0.1995240212995612, -0.1334738957667393],
  [-0.0628775730886146, -0.3655524192127859],
  [0.6129666194844386, 0.2327018563805832],
  [-0.2740438542864073, -0.7232765107742407],
  [0.3044249488752337, 0.4526604233180191],
  [-0.3866674142510648, 0.1935296776055969],
  [0.1829064540116483, -0.3815303366341622],
  [-0.0517750655196580, -0.8441653104122456],
  [-0.0078797048517547, 0.7895012272759604],
  [0.1179523344571982, 0.4022664748881138],
  [-0.9539385580759117, -0.2999315577486230],
  [0.2820243685332596, 0.2341632348334741],
  [-0.9460823560458506, -0.1477852181538566],
  [-0.2552898895356361, -0.4145079085183839],
  [0.2374141232924352, 0.4268206192772662],
  [-0.6202142359751881, -0.0955074966125399],
  [0.3988295219632836, 0.1675416338488103],
  [0.8015067138121620, 0.5979335710201498],
  [-0.8052165838539508, -0.3418404253086783],
  [-0.4256243098308563, 0.0023320905933319],
  [-0.0230545592208982, -0.2808785987682795],
  [-0.0671064127261005, -0.6581601025194348],
  [0.0471184093311326, -0.3576855598371385],
  [0.6525884332583034, 0.4046871921012888],
  [-0.4191708455287174, -0.2775270214999730],
  [0.2266862796740948, 0.5295656389353903],
  [-0.9124973230944643, -0.4087389582820265],
  [0.0479233849335371, -0.0896534900064544],
  [-0.9295861558683356, 0.3686049088359113],
  [-0.4897632315477184, -0.5504816281422147],
  [-0.1729127913928153, 0.7721237327328022],
  [0.7902367581748346, 0.4788421490212276],
  [0.2042869607950072, 0.3599248350524907],
  [-0.2226257998819983, 0.4379029988908590],
  [0.0843915462519363, 0.9964123459215536],
  [0.0404957853737555, -0.2318060064686741],
  [-0.3830466910213997, 0.8618890805775451],
  [0.2579138057591071, 0.2996871240038307],
  [0.0272107218681474, -0.3050961334612562],
  [-0.1606012975657146, -0.8314835523124178],
  [-0.0332825368409301, 0.7474685529487650],
  [-0.3301502353495972, -0.4738673938995364],
  [-0.0342018051814389, -0.6962685657370663],
  [0.3585561313972111, -0.5468984598549959],
  [-0.6998557894650165, 0.0032171952410066],
  [0.7140124788456138, -0.7000416565303792],
  [-0.1335898812978910, -0.4965587307804306],
  [-0.2450491305659801, 0.7517558205111667],
  [-0.6667081099993796, 0.4632180376994258],
  [0.4098473206002131, -0.6473389786777651],
  [0.0607351069598419, -0.9406961773777196],
  [0.0548541893298958, -0.2981044144180925],
  [-0.2686048722837903, 0.1027607597999956],
  [0.1838224073192984, -0.0614710195992115],
  [-0.4683738812310791, -0.2378947998010797],
  [0.2516154383161677, -0.6822017821619833],
  [0.5930169877168495, 0.2123649023534101],
  [0.4089971654111989, 0.6882433000877474],
  [0.2713377908778505, -0.4879779786642470],
  [-0.8695291634050543, 0.4938815991592586],
  [-0.0799569036886619, 0.2648737861197920],
  [0.5722000570758283, 0.3082872311334972],
  [0.7129984217348400, -0.1074227424394950],
  [-0.1072823653296034, -0.1330080891415970],
  [-0.4138863393811440, -0.0754424170549036],
  [-0.3513966169343847, 0.7494482128430159],
  [-0.2718421265048328, 0.2143638243740339],
  [0.1413402170081335, -0.6119007720100900],
  [-0.0499787273118061, -0.1308634968453333],
  [0.3849744467856254, -0.3020540544897415],
  [-0.4674716909259446, 0.5016027773243512],
  [0.4498560082531374, 0.6586943886617621],
  [0.3882593739430984, 0.3161065730463103],
  [-0.0522051865305674, 0.3733596040512447],
  [-0.3469447851435858, 0.6766131855794784],
  [0.0824960008827500, -0.5673310836910046],
  [0.1858467035310478, 0.1184423633673206],
  [0.7137533539876922, 0.0980803213509741],
  [-0.4540145568871244, -0.5054808213698112],
  [0.4234590105408441, 0.9058678048437009],
  [0.3273377975487545, -0.3314162041459728],
  [-0.4325743526096471, -0.3098823935855508],
  [0.3708493512766271, -0.1847147465103221],
  [0.3615242308787305, -0.0361699480396223],
  [0.6119737432877255, -0.2202339121508297],
  [-0.3929087299403038, -0.3806683413148197],
  [0.1661448956660125, -0.1946376568940055],
  [0.5496782738007072, -0.3971961072881348],
  [-0.6058628743812223, 0.6175886796452711],
  [0.0152301919589885, -0.4437832735306412],
  [-0.6974672548619152, -0.2230182275538013],
  [0.3250506824596786, 0.2283996021140935],
  [0.2728687846081114, -0.1414891099397038],
  [-0.2005714792377889, 0.2725443362146189],
  [0.9773810763334392, 0.2111637654684360],
  [0.6473497561833982, -0.4322979807085549],
  [0.3194009847917816, -0.3947500533854050],
  [-0.0099378211656438, -0.5602722873658414],
  [0.8520961973547149, -0.2985882282537508],
  [-0.2665564873547426, -0.2451578383291324],
  [-0.5706789188650131, 0.0603134412945171],
  [0.0007016239452984, -0.1261442156458620],
  [0.6184517737272732, 0.5560966353059339],
  [-0.5539066482729047, 0.8323969251477025],
  [0.5213934400154683, 0.8533149295739884],
  [-0.4176092260480330, -0.3945872671870438],
  [-0.8752135007267384, -0.4835630647594925],
  [0.2004215486487257, 0.9796906643573867],
  [0.2149008740709584, -0.1216287833215474],
  [-0.7651128118893569, 0.6126755174170482],
  [0.1414072031311539, -0.1814095317305490],
  [0.0616263057096831, -0.5259138439507312],
  [0.4842064694387133, -0.1873184623408744],
  [-0.0435202339986572, 0.1769332577757680],
  [-0.5480848776360335, 0.0923266394847483],
  [-0.8883256035706708, -0.4589988503148049],
  [0.1665098057912459, 0.2675573333619568],
  [-0.7058832040850270, 0.0643676189855838],
  [-0.1402464505957692, 0.5716306864980129],
  [0.2505550263074917, 0.0083930569136375],
  [0.2042258530981898, 0.0359261730738234],
  [0.2238560264712346, -0.4844948720279585],
  [0.3717337170920616, -0.9283040245204579],
  [0.2218689618873029, 0.3195592780259581],
  [0.3094371047061887, -0.3613946521502089],
  [-0.2613488425639647, -0.0781707488551253],
  [-0.2178866299685144, -0.0976375682817722],
  [-0.3831252714164917, 0.3837564196236563],
  [-0.1734986257441060, -0.1432545733441788],
  [0.1379186090159250, 0.3765656778017713],
  [-0.7032446191700649, 0.6815759146412737],
  [-0.0646577196351017, -0.4398150223596513],
  [0.3368726728537415, 0.5297490833711632],
  [-0.4492879807004585, -0.8118002596838163],
  [-0.0296926011131238, -0.9995461294837522],
  [-0.5600591683799205, 0.0339970907688883],
  [-0.4278291636297821, 0.0992526603375362],
  [-0.1457893304121139, 0.6218752099976924],
  [0.6344336677262137, 0.1760583821220004],
  [0.6086108865667912, 0.1361816253009945],
  [0.7098362899991363, -0.2189923305734617],
  [0.0653258183520707, -0.4361254182344208],
  [0.3039259598665758, 0.3346843321440250],
  [0.4909607567052047, -0.6215051786211849],
  [0.8629682549218948, 0.5050780498833390],
  [-0.1052491518458111, -0.2472895125734735],
  [-0.2921303935318185, 0.9563784989087454],
  [0.0371905308616813, -0.0342203684827852],
  [0.0603521444764597, 0.0589532148990441],
  [0.6608126516440391, -0.3885039193923242],
  [-0.0849413036820923, 0.3469978647883989],
  [-0.2003890788296759, 0.9486034232952150],
  [0.0371076070511838, 0.7507853301626810],
  [-0.0418942356147069, -0.0442080490793797],
  [-0.0035427290892879, 0.4855027548884573],
  [-0.2045703410621488, 0.0587860453088663],
  [0.2237327787511913, 0.0156518626318039],
  [-0.5768234468766034, 0.8166981385424636],
  [0.0657455918948031, -0.2436231335387056],
  [0.6653454510323855, 0.4736290976715486],
  [0.4150629848587352, 0.4632766035625564],
  [0.5135909412008214, -0.1260555601722080],
  [0.1206714956356368, 0.1103712429135127],
  [-0.5158627851350381, -0.7573932366122963],
  [0.0886537442665663, 0.4423389572882390],
  [-0.3052358013131669, -0.2553943136288254],
  [0.3606603243787480, 0.4116287580730063],
  [0.1518956793814125, -0.7031425123649662],
  [0.3188691995543200, 0.1464221083639477],
  [0.6905463288781463, 0.2344346140808440],
  [-0.0054863373246130, 0.2689295634511515],
  [-0.6494230204751917, 0.5290674541917371],
  [-0.7599155819714839, 0.1661685266368568],
  [0.2325694363478387, 0.6503391922536912],
  [0.9200409013475671, 0.3190670818206662],
  [0.2887430599315740, -0.3289272293831655],
  [0.2460472499452021, 0.3937834250082668],
  [0.2874332440414807, -0.7320208375169793],
  [-0.1187426147397691, 0.4100205972717050],
  [0.5155041463281220, 0.6283957505977026],
  [-0.2505017547241006, 0.4626798387804723],
  [-0.5068788161681345, -0.1959889853305244],
  [0.1582801306071323, -0.7676185721761547],
  [-0.7434927005806979, -0.0060451538006237],
  [-0.2325762563298915, -0.0683170509246676],
  [0.0846403099082076, -0.0568819042874224],
  [0.5872479868300307, 0.2789360455466777],
  [0.2536386520889087, -0.3178077309242665],
  [-0.1559198974073408, 0.1607827832713543],
  [-0.4269552543730546, -0.5722701148646604],
  [0.7765577024501223, -0.5907205956619153],
  [0.3730421927276787, -0.8537234975935343],
  [0.1467584107701631, 0.4261175227779188],
  [0.9988763911706197, 0.0466961690875183],
  [-0.4166284641349673, -0.2259262592308814],
  [0.0238401756770765, -0.9345306459938496],
  [0.1633812828518847, 0.5177053906317659],
  [0.4162811540427434, -0.1594942052826975],
  [0.6045600033555638, -0.0134817219315680],
  [-0.2616761688591290, -0.3874014458650903],
  [-0.6685674391385569, 0.4259677388124662],
  [0.2979736507065421, 0.0157830020515064],
  [-0.5858221470202323, -0.0844927761019646],
  [0.1357179278895141, -0.2931520018810726],
  [-0.8791901202092124, 0.1468830680017580],
  [0.4475097698071725, -0.4665663238273269],
  [-0.1475307705675268, 0.4003961171093651],
  [-0.7935888214681238, 0.1819828358970106],
  [-0.1731241819389434, 0.9848619819882949],
  [0.2082389982740456, -0.6284883454707212],
  [0.5631405178031338, 0.0667477996521849],
  [-0.2671936988507205, 0.1588693184728589],
  [-0.4452610593921824, -0.2585465074741023],
  [-0.7558658393701312, 0.0491633493049723],
  [0.0119882423285822, -0.4054596508004327],
  [-0.9989637634727364, 0.0445045349931771],
  [0.2403640985763687, 0.9706357310017557],
  [-0.1062869736537242, 0.2466389546240727],
  [0.5270404562920045, 0.2393188266482756],
  [0.3029090514697196, 0.2115790522984254],
  [0.2953362091516057, -0.2251920761139202],
  [0.3002859018684781, 0.9240623688231019],
  [-0.8775791640158361, -0.2684517624554309],
  [0.1533940347676121, 0.4819232086988645],
  [0.4671257897656360, -0.5393081917553976],
  [-0.4106509025997828, -0.7128675978304376],
  [0.4857592027592203, -0.1086793996607542],
  [-0.2225816970507653, -0.9748709319982276],
  [-0.4155157148569785, 0.2680749859526688],
  [0.0839758365576661, 0.1074880679589421],
  [0.2152079072264923, -0.2255380381802852],
  [0.2535415151242356, -0.0269607860347940],
  [0.6522662418851892, -0.7578935778885181],
  [0.1860316268921148, -0.1270746056469050],
  [0.0952101290213774, 0.5340349286843180],
  [-0.4869678849730076, -0.3296571769171319],
  [-0.1713764989245586, -0.5155472322938992],
  [0.8693187603571264, -0.1857106899553204],
  [-0.0681236861551569, 0.7567830974700906],
  [-0.2476380391954029, 0.6462641516968908],
  [0.5712431193904937, -0.0514789043401299],
  [-0.4577099319029791, 0.3401097884570325],
  [-0.1503327346175107, -0.0131089147487148],
  [0.0037623938421969, 0.8334304073085105],
  [-0.5898719952516354, -0.5358046743535860],
  [-0.5048937225230012, -0.5997410048871852],
  [0.5449111601815543, 0.8384937850154839],
  [-0.0003016273199794, -0.2999721960270537],
  [-0.3072585332809964, -0.6234064518610473],
  [0.1310869880859798, -0.1269054974658325],
  [-0.6244610099141535, 0.4533881231011518],
  [-0.2866462058233858, 0.2724889828414867],
  [-0.2344237459531384, -0.5768485333939920],
  [0.7974812540411869, -0.2021546822529225],
  [-0.9283789005425569, -0.2137399843613110],
  [-0.9562141078540191, -0.1799123344315431],
  [0.8019767411979523, 0.3885027470086755],
  [-0.6324691362387759, -0.2466768183479777],
  [0.6403706453640203, -0.5207625787493460],
  [0.4152346177428790, 0.5345729442880854],
  [0.3138841080662537, 0.6095246901619003],
  [-0.3031551321444437, -0.9528696273358401],
  [-0.0240628933030340, 0.3851118082442991],
  [-0.0419567672634210, -0.3869021369642738],
  [-0.5954313030935308, 0.0738545389674248],
  [0.4394916430206929, 0.8551197047574661],
  [0.0998060650341431, 0.1304387802768097],
  [-0.4769712208155831, 0.1183399982853421],
  [-0.1357044112627609, -0.5353010143180245],
  [0.4731590190452825, 0.8809770386883565],
  [-0.2015264484300250, 0.9794623584236514],
  [-0.2390436567594267, -0.2393356797165092],
  [0.7739888585939640, 0.6033491477989448],
  [0.9404445096526428, -0.1221017146131306],
  [-0.3261168304518490, 0.3593804580417805],
  [0.5591503091747198, 0.3542993057387353],
  [-0.3089274004531201, -0.2067514134617224],
  [0.2030235494565417, -0.0054613077451140],
  [-0.1174242948653825, 0.2983796084919162],
  [0.2007382132903213, -0.5861225685680147],
  [-0.2244507383219672, -0.6306866654202433],
  [-0.4497728331885036, -0.5558084339516534],
  [-0.7053055008733192, -0.7087542993789505],
  [0.0338205498673999, -0.4227014059848945],
  [0.0363974075810152, 0.3518290000208256],
  [0.1475339600141174, -0.3394689314876075],
  [0.1299316177252034, -0.9914908025349031],
  [0.4388629496669571, 0.0853710135292808],
  [0.3224554002876817, 0.1895452389101582],
  [-0.8254011169584770, 0.5645467173969738],
  [-0.4827897522071367, 0.8755856071737720],
  [-0.2659065466517149, 0.4189147004681191],
  [0.1043247562867049, 0.7545192996252662],
  [0.2282731845674258, 0.2920000287390845],
  [-0.8829080861121757, 0.4695400899723011],
  [-0.1029392354113345, 0.0090367228818204],
  [0.2527407151292626, 0.9199374022994715],
  [-0.1251059930776435, 0.9492138879265587],
  [-0.9064002463056795, -0.2377444118182190],
  [0.5779350081182375, -0.1729433484332748],
  [0.3586654533064683, 0.0694564170566777],
  [-0.2691152950140852, 0.1866990056436152],
  [0.3463961033511452, 0.7432406240170004],
  [-0.2964865898919254, 0.4061766694645641],
  [0.1320329532993882, 0.1805020016790278],
  [0.2458372139099433, 0.1063870944141575],
  [0.0919734355008407, -0.0299137085486301],
  [-0.1264969583360968, -0.4471537315647035],
  [-0.4047021997176091, -0.0490729261966777],
  [-0.2880710369231502, -0.0879356009267298],
  [0.4218004500002475, 0.1305992973526199],
  [0.3146591650529614, 0.5104992351351666],
  [-0.2497006190781931, -0.9682520501250619],
  [0.1714207991141221, 0.9851979037894243],
  [0.9387585364964673, 0.0665705677638585],
  [-0.0739220418746206, 0.4464253031972249],
  [-0.0852289394206957, 0.1142980546593423],
  [-0.0914083629851548, -0.2714638459877554],
  [-0.1954566294349661, -0.0458517237003863],
  [-0.0934535530917265, -0.1861210689760085],
  [-0.1470890786135603, 0.2147743502346035],
  [-0.0244041505904329, 0.4130090828967287],
  [0.1233838446279131, -0.4472064533272247],
  [-0.5424946147275796, 0.7804121660510206],
  [0.7393728464017213, -0.4117707081799176],
  [-0.6335446704278864, -0.4480827008602441],
  [-0.8288608806918291, 0.1154836998180266],
  [0.4717946559198186, 0.4378854487155473],
  [0.4974400958303055, 0.8674551155209549],
  [-0.2397037952772436, -0.3702316118786201],
  [0.2966573301022735, -0.1926390095451150],
  [-0.5483277872414268, -0.1659402656770226],
  [0.3369213878165714, 0.3396517225584448],
  [0.3438560632597682, -0.0853899647904104],
  [0.1663118774902161, -0.0204942185568934],
  [-0.7076994382789626, -0.1344652508160603],
  [0.1991895206941047, 0.2452749590713580],
  [-0.1240583443975599, -0.1938473846904845],
  [-0.3292217155327442, -0.0509818062628995],
  [-0.1575007923636003, -0.6164907723640106],
  [-0.1036196471782378, -0.2192632069252577],
  [0.1598950852106516, 0.4014750740208912],
  [0.2663940136359850, -0.9638624434462471],
  [0.4744688470134097, -0.4449118528344913],
  [0.4494078251383931, -0.1775281593181700],
  [-0.7046926330347496, -0.4971744101243848],
  [0.5382822824406989, 0.2918754751667325],
  [0.3005032494279334, 0.4209988967873216],
  [-0.2472231006469793, -0.4437653920096193],
  [0.9287622459412245, 0.3705643242403126],
  [-0.0896244444064974, 0.9959419147533062],
  [0.5005950705652819, 0.2918434794060075],
  [0.2965231645297114, 0.6324165329801891],
  [-0.5247835268427095, -0.0113719827079961],
  [-0.4535055437012773, -0.2875631723108516],
  [0.3468769486297671, 0.2477784193564371],
  [0.0500197238829081, -0.5602431075516846],
  [0.5706748674788514, -0.0106043486494315],
  [-0.5046037182908989, 0.0730710769130780],
  [-0.0769280392249345, -0.0007112313253051],
  [0.0833375682345062, -0.3719036558854906],
  [-0.1024327559079318, -0.0629950198737539],
  [0.0091967649156299, 0.0632701528321848],
  [-0.2147144432930090, 0.8156348953709701],
  [-0.4180055558467203, 0.2027889923079951],
  [-0.6963690764136647, 0.1243565625728107],
  [0.0125616787298643, -0.2314387171962968],
  [-0.2159282601497635, 0.2457274989511625],
  [-0.0794060893425161, -0.1321767865063909],
  [0.3540833367846200, -0.5778193718574304],
  [0.0336020396686975, 0.1342501376768526],
  [0.5006361486172404, 0.4683908781965737],
  [0.5212869669011524, -0.1748053000905597],
  [-0.5290493525350156, 0.0579723802625700],
  [0.4343154368721869, -0.0869650534383075],
  [0.1179626853737658, -0.3736310534491066],
  [0.4581662507905646, 0.2267600391888873],
  [0.1384907288303918, -0.2654505702505787],
  [0.1642949069617742, 0.7492951796234893],
  [-0.0248827022351041, -0.1110817808260867],
  [-0.3930512223747830, 0.2384744934775296],
  [-0.1039272004885499, -0.3167213582269405],
  [0.2240317674782067, -0.1482088353138695],
  [0.4574323313986779, 0.3017084111524984],
  [-0.9691022317160116, -0.2463657187867573],
  [-0.1397650142241562, -0.1149743816528721],
  [0.2227516302403452, -0.8215454206242863],
  [-0.3023982504303367, 0.7898909631343958],
  [0.3153055460144937, -0.2446469981086621],
  [0.8856467755858238, -0.3919481541392302],
  [-0.0126900352807795, 0.0452954641988711],
  [-0.2626369423361123, 0.0308562082584636],
  [-0.3663463432326270, -0.0916799755014771],
  [0.7915780244101854, -0.1059879632538660],
  [0.0238242615171460, 0.6881937400593733],
  [-0.9910600593615568, -0.1334164860062919],
  [0.2442530464190986, -0.2018764140547036],
  [0.6739214698938243, -0.7387017668244507],
  [0.2449952077418672, 0.1666372321038709],
  [-0.5526628380326710, -0.0254903784044801],
  [0.3586867630981455, 0.1353477973972110],
  [0.3708416524122545, -0.4476015561249154],
  [0.2394533860459410, -0.9708869345755283],
  [-0.5873071442487802, 0.7591773337115217],
  [0.3098259348519178, -0.0209044717479315],
  [-0.2178833975640104, -0.2114523866476572],
  [0.7229967541201828, -0.0706458309109347],
  [0.1867057596858546, -0.2134229027197636],
  [0.0292962415352128, 0.2253461405130571],
  [-0.1189811413840955, 0.2164623240445889],
  [-0.0302844759245272, -0.8006808575029789],
  [-0.0649877803792814, -0.3296098998108354],
  [0.1325001407435367, -0.9390130509430059],
  [-0.7752774326584020, -0.0404589958962335],
  [-0.2856384419680080, 0.3704297948072056],
  [0.7582358981392151, -0.2131572392823087],
  [-0.5221599740321882, -0.0926233437525077],
  [0.0146746754574175, 0.9752947687844721],
  [0.4313408851925821, -0.2538731663374015],
  [0.7344732342757553, -0.2726895730888486],
  [0.2611276452187612, -0.0870997847560529],
  [-0.6565485742094631, 0.2216631034833551],
  [0.4951129910387007, -0.5754633115724820],
  [0.3121073610831097, -0.4852590812886642],
  [-0.6068065448344880, -0.3673383632343216],
  [0.6333243391378068, -0.2968157184365040],
  [-0.4252511067996004, 0.4798450495220556],
  [0.9997815688754542, 0.0187534624669676],
  [0.9996712411994607, -0.0234851401624459],
  [0.5400654836397440, 0.6090926714831529],
  [-0.6996896882258579, 0.1822875852133235],
  [0.6000027142472724, 0.3843484159427437],
  [0.1240152943035321, -0.0997964916270811],
  [0.0732846021091875, 0.5805500094659830],
  [0.1710209106529653, 0.6693679313409335],
  [-0.5558092163132207, -0.4059961694237213],
  [-0.3007764505127330, 0.1714575109874128],
  [0.2237289911353581, -0.3084585938920320],
  [-0.6054102177606178, 0.2546423049717478],
  [0.2836675376025480, -0.6296886679853975],
  [0.3856317343682086, 0.0828409029328075],
  [-0.0107423518642178, -0.2162121592257424],
  [-0.0640886330978628, 0.3986623543772781],
  [0.3981509996002610, 0.9173181114117771],
  [0.4427895220509828, 0.3371998134667285],
  [0.6810774225657884, -0.6191193574732076],
  [-0.3731670010500535, 0.2950421737778037],
  [-0.9863417534363909, -0.1646919163407566],
  [-0.4800798223110380, -0.2794083962215622],
  [-0.2031400049995666, -0.2707695503543605],
  [-0.3796904552670200, -0.1999158935597356],
  [-0.5602323029170938, -0.3308036525842725],
  [0.2293587359971671, -0.3397418779525555],
  [-0.6155887443138910, 0.1563527739928088],
  [0.3161932965711667, 0.0920712078102973],
  [-0.3516349540768865, 0.3278614774108388],
  [0.2689647159717847, -0.1137714794169064],
  [-0.6688627782232214, -0.1707874714310748],
  [-0.2053382782343897, 0.1707438042853411],
  [0.1967474967303241, -0.1648127097622894],
  [-0.8469106961784211, -0.5315942072727605],
  [0.6751684129112676, 0.1802946606996511],
  [0.1548065763044270, -0.0863887847726597],
  [0.5916152836961911, 0.1705993923934534],
  [-0.5873408165905779, 0.5831087021905679],
  [0.6083486390610875, -0.7935689509793800],
  [-0.5623644558404903, -0.5724694327043812],
  [-0.9452398032840195, -0.3263205852045914],
  [-0.9384925321594093, -0.1046771252377217],
  [-0.6734673912083712, 0.0942004291520728],
  [0.5709940582320040, 0.5588801132342835],
  [0.4115516904009386, -0.6955829839195239],
  [-0.0965639119463131, -0.0204735609637219],
  [-0.2381661378539476, 0.1135452193673164],
  [-0.1331857015828703, 0.3510833481054790],
  [0.2681504830086707, -0.4600787096875329],
  [-0.1444154076397935, -0.3837836255801673],
  [0.5930025718366552, 0.5319849027587836],
  [-0.6034115408644360, 0.4845730435691863],
  [0.9900207419377959, 0.1012813605212304],
  [-0.2908468894360808, -0.2315584366039312],
  [0.2967628257484246, -0.5360263484495434],
  [-0.1168886775308099, -0.5626527988016136],
  [-0.2423960981363637, 0.2544897503804052],
  [0.3574755852766431, -0.3125546181202145],
  [-0.2500544797653211, -0.2968392884298888],
  [0.2107352669311949, 0.1903954245440942],
  [-0.8334178649014797, -0.0720056785160288],
  [0.2420565321479606, 0.6152499850726958],
  [0.2177904678063462, 0.0603075465596690],
  [-0.4925857439690391, -0.0609864261355378],
  [0.0386574904445227, 0.1616697890185167],
  [-0.5067949149291899, -0.8620555566284128],
  [0.7047760469900509, 0.1428101615420179],
  [-0.5212973191324214, -0.2282179073043518],
  [-0.1679891515982638, -0.9857888439951507],
  [0.4162155903622868, -0.0347225237255112],
  [0.7938790025231270, -0.0269651773297358],
  [-0.5427134371353081, -0.2001645825839866],
  [0.0250535689031484, -0.1102319825355530],
  [0.5513036276476204, 0.2105656301867036],
  [-0.2000560992485700, -0.0732903225221325],
  [0.3996735061419193, 0.5729312815945982],
  [0.3248128769442283, -0.5179678415280511],
  [-0.2168630333370820, 0.4846250244293519],
  [-0.7154278452683033, 0.4017086857794145],
  [-0.1876692548062533, 0.2398983113408210],
  [-0.3868902377648396, -0.7528275739566119],
  [-0.2423123966566919, -0.1109336089397149],
  [-0.0629767943935127, -0.2810781158174481],
  [-0.6385904618121144, -0.5250080003507100],
  [0.0267346827938194, 0.1924119775739948],
  [0.3738704037815648, 0.5517132178522289],
  [-0.8288228431861500, -0.4638163641227521],
  [-0.7311664200032654, 0.6820271578007608],
  [0.9462327593408451, -0.3233895039157773],
  [-0.3555010671921227, 0.0447268734593679],
  [0.8897507898917536, 0.4562700022316752],
  [-0.0910012285382540, -0.0896032393865411],
  [-0.6267355739490582, 0.5633604327950352],
  [0.2388772477176199, 0.5817422336152470],
  [-0.0354933495115931, 0.1380230415304809],
  [-0.0357182821928001, 0.5917883459925783],
  [-0.9137388514217480, 0.2783792418133875],
  [0.4956531871434957, -0.2522020776634775],
  [-0.0478050209207048, -0.2287197301583992],
  [0.4350007282095230, -0.0553690087789782],
  [0.1087179799941487, 0.8040920093572614],
  [-0.5622163431812651, 0.1610232466508766],
  [-0.8069678843415397, 0.0971013310412697],
  [0.6385655775394491, -0.4815159996120940],
  [0.1798207413961346, 0.1457867776107438],
  [0.6574502257896483, 0.7534136614886747],
  [0.7537466387672395, 0.1653773659994547],
  [-0.4830966216058833, 0.1644655577594883],
  [0.1110558262055975, -0.3063657097451175],
  [-0.4612708998614634, -0.0445785007360219],
  [-0.3176381021764199, -0.3134347431754558],
  [0.2014938379337367, 0.5992284800584903],
  [-0.3606391663616945, -0.4594440569257357],
  [-0.1622146244219717, -0.5655467136908578],
  [-0.0324764641421084, 0.9994559142220688],
  [-0.2313659473198185, 0.9296180441674569],
  [0.0234662909053387, -0.5942084615442588],
  [0.3516561669104352, 0.0965472380968459],
  [-0.3269169477158753, 0.2396026319322426],
  [0.1319394969636885, 0.6791709965358281],
  [0.1326961266083991, 0.0440850114329720],
  [-0.8088852938222670, 0.3752959906163995],
  [0.3819411122523966, 0.1130778332919893],
  [-0.0911596196554615, 0.4058115848720165],
  [-0.3704330493873955, -0.4235371232385516],
  [-0.0865909669021933, -0.7140026174780630],
  [0.1539037820370887, 0.1609604401114036],
  [0.1433990148977457, -0.1529101400766632],
  [0.4306793699752948, -0.4240872693874547],
  [-0.4331818054413656, 0.3270723059333741],
  [0.4854264998839200, -0.3423336605051155],
  [0.2350540909899954, -0.2467202524435466],
  [0.4036109637369500, -0.0087003876606887],
  [-0.0424212156456343, 0.4342984523026956],
  [-0.0355605019710954, -0.5261118114854791],
  [-0.1962065674996612, 0.5098157411585993],
  [0.4427812033566726, -0.2229065557607745],
  [-0.2227860121176774, -0.5301481358555706],
  [-0.1512332236614535, -0.9272886173238678],
  [-0.4581256819490677, -0.8888675087317531],
  [-0.3918692664611770, -0.5831440106086465],
  [-0.3353638174540968, -0.4106382980419205],
  [-0.0914430918088364, -0.8321119345421336],
  [-0.7729276847605178, -0.2044789292590581],
  [0.7951795432837410, 0.1381207464762712],
  [-0.2854393251366998, -0.5030640934668346],
  [0.3516735921901582, 0.8334959959010709],
  [0.0235208654302352, 0.3764916307545486],
  [0.4134970278283259, -0.3837604738635595],
  [0.2100240065030099, -0.4005581088532032],
  [0.3273911234709717, 0.4117532842025833],
  [0.5507892577787246, 0.7728226401613589],
  [-0.3327704812718644, 0.1151689983055454],
  [0.4281832269947111, 0.0108939111977893],
  [0.3225727922329523, -0.8537857456864136],
  [-0.9189565755848286, 0.3943587354039530],
  [0.8320801376725888, -0.4606982532460705],
  [0.1598234511668610, -0.3098857403151482],
  [-0.4685521128611155, 0.2831392974885669],
  [0.1926092685790855, -0.0336126237545559],
  [-0.4094178793709493, 0.4447626533849999],
  [0.6575457058772861, 0.0451806916064369],
  [0.1741495198778149, 0.0812048253311179],
  [-0.1954260442621199, -0.9807184413602408],
  [-0.8391448625001574, -0.4268873956358362],
  [-0.0686359369008577, 0.8610525621867273],
  [0.5044240244854217, -0.4617249102577197],
  [-0.9944278179571884, 0.1044133472278497],
  [0.1786280853353723, -0.3431895459586109],
  [0.5127123736220204, 0.1598232719916561],
  [-0.1292713418393894, -0.5908909409479182],
  [-0.3452251668949415, 0.0154366240504420],
  [0.1210105847645353, 0.1550024101242073],
  [0.3041627116210061, 0.2542899145908559],
  [0.3289300964836172, -0.2028384554119793],
  [0.2317302596572630, -0.4545998046796307],
  [0.5663441366100258, 0.1386494872797990],
  [-0.3541864548873897, 0.0934173986385493],
  [0.2759382866733634, 0.0855148670524503],
  [0.6650323260254046, 0.2688253739052883],
  [-0.7430447173852764, 0.2201227128542077],
  [-0.4332029660891196, -0.9012472378304593],
  [-0.3010265546289050, 0.2270635070133193],
  [0.9044402994126952, -0.4265880539847469],
  [-0.5992911542665097, -0.8005048141008058],
  [0.4322898643261269, -0.2816595755592784],
  [0.0212400532969913, 0.5445932337358702],
  [0.1972977643806959, 0.3327112463595047],
  [0.7005322328398933, 0.7135648493441356],
  [0.1638389729447415, -0.4567518005625855],
  [-0.0189223958913470, 0.3539499569521404],
  [-0.7437833375166237, -0.6684207857574689],
  [0.1172190734577354, -0.7750045422304940],
  [0.7172064545327816, -0.3329524873219418],
  [-0.0891389840778836, -0.5676191763411066],
  [-0.0001898751492924, -0.1863819999491994],
  [0.2493314833666181, 0.1380632716117415],
  [-0.9076292711529850, 0.4197726838972508],
  [0.3131194884587749, -0.1639313771455972],
  [0.2755657433930577, -0.1728357180149582],
  [-0.2626924993276340, 0.8026367601618580],
  [-0.5993008801697363, 0.8003708695866020],
  [0.1885591449620103, -0.2415228862569208],
  [0.2144034501274441, 0.1619655655479698],
  [0.8178039059597966, 0.5754187945226502],
  [-0.7181780535474305, -0.3433707019684844],
  [-0.3594419762429246, 0.9087672366458578],
  [-0.0287441283189595, 0.6793532239666511],
  [0.0665582593534113, 0.1594137760340872],
  [-0.4317188175939793, 0.3682326754433699],
  [0.0580472641860065, -0.3842543069076949],
  [0.0514583762717311, -0.1188570092659258],
  [0.1058486159838818, -0.0772463630745202],
  [-0.3431736390509528, -0.6162331486518167],
  [-0.2389960312163092, 0.0570679913940699],
  [0.1463777070350812, 0.3495106907270577],
  [0.1030435598749191, 0.6385907119849180],
  [-0.8803727516306209, -0.4091569578016142],
  [-0.6213662679218158, 0.7833770882228017],
  [-0.0464891156088752, -0.7735222181326453],
  [0.4587588346674105, 0.4660948369742745],
  [-0.5665064055877574, 0.3945680318161597],
  [-0.3386606469904078, 0.5485134768587152],
  [-0.1590835075448639, 0.0443145729317622],
  [0.7137865174804369, -0.1874227141286590],
  [-0.3348160158431173, -0.3600108328164451],
  [-0.2748694500925121, -0.6303191033721063],
  [-0.2777802266827896, -0.1556402058829171],
  [0.1277997559688185, -0.5732458454622215],
  [0.4097051509025734, 0.3935290307086320],
  [-0.0065414707125112, -0.9841255868098875],
  [0.9867515977820156, -0.1617752907597241],
  [0.4731078314853629, -0.3172721464910618],
  [-0.3152296008849588, -0.1767802433313670],
  [0.3695878330931088, -0.0095832674149866],
  [-0.5858442599835657, 0.4436361293116824],
  [0.5906217701401660, 0.8069306342218436],
  [0.2907614219417223, -0.2999504946105847],
  [-0.1070113435190704, 0.3301254615421116],
  [-0.3705441331883585, -0.0204757858996661],
  [-0.2484947230058354, 0.2820896413139249],
  [0.0742290624878764, -0.9971816591319574],
  [0.5333440108929310, -0.8290236535829097],
  [0.1183034792019446, 0.4311419195599516],
  [-0.3567215995701484, 0.1370544014204630],
  [0.0923978033012907, -0.2528971002732194],
  [0.4213573209790391, -0.1981289781987302],
  [0.2346312382857628, 0.8164481658865179],
  [0.0793819250944801, 0.6190029766561534],
  [0.5997547258845811, -0.3147419945066585],
  [-0.5116174020162405, 0.8050969693830607],
  [-0.1583856402448621, 0.7179733092981478],
  [-0.4346000927163174, 0.5258336213726510],
  [0.5320143958147119, -0.5912988524387508],
  [-0.8691813983133836, -0.3322804100965120],
  [-0.6472956858016604, 0.7009426364295142],
  [0.0299867861109393, -0.2584340289486369],
  [0.7472761969594043, -0.3649270194277611],
  [-0.4025485406083570, 0.3267944598664424],
  [0.1333798375237907, 0.0792567604072068],
  [-0.2152923141594643, 0.0852253079727268],
  [0.6483041052919064, -0.1239234348580026],
  [-0.2213276660568841, -0.2919648490547280],
  [-0.2456495518355120, 0.3156863698581266],
  [0.6405752977056546, 0.3080919675958885],
  [0.3677381188500976, -0.6177741052543451],
  [0.4960225793478701, -0.0675645935826740],
  [0.0118504470255267, -0.7222499503818598],
  [0.2629059173705502, 0.2672632004539439],
  [0.4684820718919109, -0.1566013019311324],
  [-0.4591142521694572, 0.0404948163798339],
  [-0.6434995437833251, -0.7653754497728972],
  [0.2173686766645635, 0.3845989213084308],
  [0.8020199254407081, -0.5590965954150319],
  [0.3877359826876292, 0.1417696290763039],
  [-0.5278069451003840, -0.2810956140440153],
  [-0.3812049180380550, 0.0704473485218312],
  [-0.2608554887192143, -0.8591226270449088],
  [-0.5720138998852035, -0.3691364306138663],
  [0.1382870802296176, -0.0203312627702686],
  [-0.2384018269628064, 0.6159014733847111],
  [-0.3803088304550372, -0.0675445237559928],
  [0.8980463596927922, 0.1334840384554178],
  [-0.3894382057652716, -0.1738798997126210],
  [-0.3220732624106517, -0.0997910693424029],
  [-0.1794639520733354, 0.3646774848634435],
  [-0.1078375117152597, -0.3442611915587701],
  [0.3309811368677495, 0.2722223266409292],
  [-0.4321460787745932, 0.4163530387795735],
  [-0.8369066790392958, 0.0371983560195907],
  [0.5298139729145800, 0.1007102733742906],
  [0.1791643889117605, -0.1001120713401963],
  [-0.1129799610818238, -0.9935846957020490],
  [-0.6732017742864351, -0.4392758800676403],
  [-0.2634438238541119, 0.9646736808259070],
  [-0.2041302738938845, -0.4108690362478971],
  [0.9479441778574945, 0.3183763036620792],
  [-0.4486334494421201, 0.1925264937784777],
  [0.4878665561984176, -0.1366940083718912],
  [-0.9870746220855313, 0.1599635040228075],
  [-0.4059031494376450, 0.6658770910981628],
  [0.1094985243475146, 0.0288050838278617],
  [0.5498222330102986, -0.1389191128407405],
  [-0.1199196291326045, 0.0429820772842319],
  [0.1499196511065020, -0.4809977482389564],
  [0.8865679057627841, -0.4625952043985163],
  [0.7018414257031941, 0.6256289510939385],
  [-0.5041916073033768, 0.1096181656623894],
  [-0.6640393930630861, 0.3823456177718945],
  [0.4094638054883162, 0.2333385459104479],
  [0.9972015099146959, 0.0744477713178918],
  [0.6672686838468125, -0.0183775386869468],
  [0.1584002945609240, -0.8134529501722978],
  [0.5134210490649028, 0.6755974101616553],
  [-0.3186362638914229, 0.7398871861704138],
  [0.5515508551776529, -0.2029611014212065],
  [-0.2407777798370636, -0.7389332604582474],
  [0.1686966015795872, 0.5798448922556653],
  [0.6451621704250660, 0.6170221647759629],
  [-0.9971557585996795, 0.0736729458634291],
  [0.2710857567317702, -0.2103135744752814],
  [-0.0491234759294561, 0.5607016295421755],
  [0.1022451556057397, -0.9947254486160002],
  [0.0026401752373054, -0.3290281752214781],
  [-0.8191858490787680, -0.1722499811224997],
  [0.0540062161365502, 0.1848745246054878],
  [-0.3675264069936754, -0.5385442160293132],
  [-0.5863391366284265, -0.4910772655465016],
  [-0.8967048947930539, -0.0164494857796578],
  [0.7517594230731137, -0.6592132905231680],
  [0.2973523437590009, 0.2828489330729694],
  [-0.5302395287233552, -0.1298072070233795],
  [-0.6527945317730444, -0.2109479939165440],
  [-0.7504394326708678, -0.3221864837341180],
  [-0.5560931683907797, -0.0857805677108400],
  [-0.2400995395499416, 0.0142229061536709],
  [-0.1218344887494026, 0.4871763720531974],
  [0.4097020205718433, -0.2305318522782362],
  [-0.0957290687937390, -0.6474081950275017],
  [0.0932341122059807, -0.1050638375659854],
  [0.4966446413997784, -0.8678600394514451],
  [-0.0474088094840855, 0.2093479200367515],
  [0.3110004561532476, -0.5863321625133995],
  [-0.0326630853942860, 0.8641046601497208],
  [0.2885876838442480, 0.5470509322728603],
  [0.0921569837715818, 0.3850778960877918],
  [0.4833303005883111, 0.3197668921557204],
  [-0.4138599990246642, 0.1680543451102469],
  [0.0976600660138241, -0.6040235932776362],
  [-0.5052467569695201, -0.6734285344259149],
  [-0.0465869653602486, 0.2381605326590668],
  [-0.2697591940029771, -0.1155397310025575],
  [0.0148454601603452, -0.6244366661323943],
  [0.2016452500189472, 0.6949097444053758],
  [0.5265107858624761, 0.3245384572634638],
  [-0.4544748549069684, -0.4332268096362099],
  [-0.1279117621144206, -0.3022690656039073],
  [-0.9394656282509080, 0.3426431574322282],
  [0.3434898202336737, -0.0574525798151639],
  [0.2981905207857384, 0.0686099406483359],
  [0.2580093450499525, -0.5281883902604579],
  [0.3442261255340618, -0.4076636403224629],
  [-0.8191697034607761, -0.5018824334059189],
  [-0.0483354768416888, 0.0028148780848977],
  [0.4787182223092046, -0.2899732753241023],
  [-0.0252018792995241, -0.3258034921387353],
  [-0.3708238926508569, -0.1405986254149304],
  [-0.4214876142462373, 0.6022530815144175],
  [0.5888223360081848, 0.6032859057879495],
  [0.4887520291458431, -0.0149725572409171],
  [0.5612933959240973, -0.8275274492535328],
  [0.4316929444850216, 0.2123075566721939],
  [0.8767079917431138, 0.4808401255697873],
  [0.0321767421000247, 0.2953464517922980],
  [0.9548432050755955, -0.2969805239427452],
  [-0.5371488159478304, 0.4400979767612876],
  [-0.6606434843417547, 0.3399729773930590],
  [-0.5097302590140944, 0.1537798337547175],
  [-0.3937807284145576, -0.1033760917036177],
  [0.2123864811512250, -0.9771658465223965],
  [-0.0761003638012381, 0.5534197472372808],
  [-0.2247439557222574, -0.1627490698133667],
  [-0.2362220130820846, 0.1575662537413842],
  [-0.7045733087417759, 0.7095233902203508],
  [0.0562851017052519, -0.7172892082127008],
  [-0.4128394892929924, 0.3886294672726827],
  [0.5375274023639633, -0.0317180221645884],
  [-0.9813537212340883, -0.1921027004364715],
  [-0.4451564648023454, -0.1029342787880191],
  [-0.3189013913140418, 0.6977303560844326],
  [-0.2533392127453831, -0.0478822262422451],
  [-0.1359173326224834, 0.5234886674154984],
  [0.1553024279939529, -0.0489853945137264],
  [-0.1693044355226440, 0.5021669713639698],
  [0.6829690262500169, 0.0841730463664030],
  [0.0667562492964070, -0.2158317087099092],
  [0.7903385474421200, 0.2380155153559295],
  [-0.3337870990198896, -0.7651781690446783],
  [0.3869729677689190, 0.4323194433240410],
  [-0.2786763367045180, -0.6782919520468508],
  [-0.1035247328479974, -0.5209032080639867],
  [0.7297795413487409, -0.1397732374372807],
  [-0.7499302236071745, 0.6614441460700416],
  [-0.7956168639290117, -0.1422635177435620],
  [0.2088533976180379, 0.7586405578466852],
  [-0.7370338037222530, -0.4818928406577282],
  [0.9641895906093543, 0.2651494563437135],
  [0.3712166664073786, 0.9243923699572828],
  [-0.5196975585268756, -0.4197638367880503],
  [-0.0893425175056818, 0.8154765307643381],
  [0.3973682411985102, -0.9176160742991654],
  [0.9762311174986525, -0.2164297965258730],
  [-0.4667396367181800, -0.6643027518487535],
  [-0.4111158598577904, -0.4319245402751400],
  [-0.6732899130893023, 0.2570241731036415],
  [0.8782652324498622, -0.4360487154680806],
  [0.5223547388526678, -0.4144273369440121],
  [-0.4573545715391114, -0.4684236472012169],
  [0.9698586008144554, -0.2434973109955519],
  [-0.0374090267263553, -0.2567911183292068],
  [-0.2088988746224073, -0.3224868291261132],
  [-0.1540297418792854, 0.4324606621045010],
  [-0.5855606463858339, -0.0482539166827088],
  [-0.1655267655355049, -0.1701446502299858],
  [0.8284910121568684, -0.0333453501616602],
  [0.2024997572469309, -0.6911857707455682],
  [0.7331235685340304, -0.6798815248515829],
  [-0.5851326956297916, -0.4372381434816683],
  [-0.2204327700678634, 0.2135563553135054],
  [-0.1146954987121531, 0.0960042307535508],
  [-0.5847933984852050, -0.5912333567869209],
  [-0.4812294855569489, 0.0110015868328878],
  [-0.1258039258812821, -0.0783187952835535],
  [-0.0158668860353031, -0.0752706609030145],
  [0.2515317970387049, 0.2314905167356261],
  [-0.2138358173087085, 0.3242953496169770],
  [-0.2332950984273381, -0.8786381756720317],
  [0.6810885874475180, -0.0589308807519633],
  [0.0331716031714833, -0.1713429181127086],
  [0.2757216058111398, -0.0035755288240127],
  [0.3304318787941073, 0.0639807698556129],
  [-0.1523487648674708, 0.0781840197095369],
  [-0.7400532298385638, -0.3679688237156998],
  [0.2925821369274175, -0.4467473316359051],
  [-0.3736466657272467, -0.5070755405002827],
  [0.9966937415868011, -0.0789548608107876],
  [-0.4443779173224081, 0.2615985198366171],
  [-0.4362719090464891, -0.3382049686897939],
  [0.3611245486469425, -0.1074544149070638],
  [-0.4832312557971595, -0.1075631175418003],
  [0.4064500102779907, 0.1951522709187503],
  [-0.1291361900181821, 0.1881838658974271],
  [-0.5117364149132877, 0.4830051430940935],
  [0.7289511826958026, 0.3975433804936601],
  [-0.3645705023535095, 0.5903605151813093],
  [0.5810623155767776, -0.1150870373102221],
  [0.5554365938562700, 0.2554843383356579],
  [0.7229536287607498, 0.1815099889097612],
  [0.1936268878362179, -0.3082590894333479],
  [0.5601527413586126, 0.1097180230704809],
  [-0.1045883445297237, 0.7909009379132484],
  [0.3802800004566874, 0.0512395858292209],
  [-0.0554394409495051, -0.6224143020322235],
  [-0.8407661427264188, 0.5413984606968689],
  [-0.9756112237744847, -0.2193390212125285],
  [-0.2030457168974601, -0.4864840428907928],
  [0.2216480826431055, -0.0379454891391460],
  [-0.6663416250894252, -0.6879665654793685],
  [0.9627334631076401, -0.2703469217368970],
  [-0.4847953721970740, 0.6028599466497990],
  [0.1158784962019789, -0.0441540777126125],
  [-0.1752475043547975, 0.3973981682851168],
  [-0.2269422853484829, 0.5130670472778533],
  [0.7167757037864877, 0.0535417589458447],
  [0.0779250074970864, 0.4906791999947562],
  [-0.7827751294619325, -0.1739413337340414],
  [-0.1975128929821342, 0.1975937525672138],
  [-0.1449289082694005, 0.9893956729502231],
  [0.4365076647399383, -0.3507197318752944],
  [0.0979023936592982, -0.8607857651487998],
  [0.6426026710570762, 0.2203725404301562],
  [0.0460198767680937, -0.5020635672774412],
  [0.0217652982515245, 0.3281886990179705],
  [0.5473391355806745, -0.5401445324755895],
  [0.0460080571130809, -0.3282240080601715],
  [-0.3119742450876262, 0.3070929011318619],
  [-0.2977926510644986, 0.9259704112837326],
  [-0.5305846891781492, -0.8476319293241182],
  [0.1536534138836673, -0.2243708516513694],
  [0.3379592723049932, -0.3625147319034564],
  [-0.5547511565323855, 0.5224407282457854],
  [0.3458133001867929, -0.9382908621444841],
  [0.6125903981466756, 0.4356330300515356],
  [0.4426069561201612, 0.1864838764893366],
  [0.2576463559438917, 0.6851444086308369],
  [-0.1405339836978564, -0.9900660630206276],
  [0.1980804914822015, 0.4049329463411226],
  [-0.4003908067952338, 0.0938552043598506],
  [-0.9631276945262243, 0.1173240529081225],
  [0.8733785492449004, -0.4870419999536724],
  [-0.4826459444566277, -0.8757989820130835],
  [-0.9992243184210086, -0.0391657697941507],
  [0.7699239836759084, -0.6380623566462229],
  [-0.0701749300933908, 0.1687778607740607],
  [0.6127987147237973, 0.7902037675933876],
  [0.0485394502639362, 0.5604672163921999],
  [0.6942282200880279, -0.2886991889237955],
  [-0.6733984987237071, 0.0605916298608413],
  [-0.3010880505473232, -0.0232550350495107],
  [-0.5736893761606546, -0.2992288970684712],
  [0.8936122779177534, -0.2775945090210519],
  [0.0157499615538147, -0.6776401773358719],
  [-0.7248413842268500, -0.6888426800202433],
  [0.5458418804122565, 0.5078931928864298],
  [-0.9431477224839805, 0.0531037863501106],
  [0.3524506073253601, -0.1590347447070994],
  [-0.0742356505616029, -0.2134698439541149],
  [0.2045786048776188, -0.5308233648557543],
  [-0.9970870141745168, -0.0762724469552844],
  [0.3744794227952464, 0.0177712828280687],
  [0.7710850184220666, -0.2541840350405122],
  [-0.1912334864825826, -0.2244053509616285],
  [-0.2139624849550216, 0.1369424919066743],
  [-0.8614465965895157, -0.5077473038646161],
  [0.4652514481834724, 0.6940897567783184],
  [-0.2082092287844121, -0.9104155374087917],
  [-0.3522112891577210, -0.1686376594192189],
  [0.1433544864879130, 0.5563938060596693],
  [0.6766092301281609, -0.1382639085936985],
  [-0.1183107575426264, 0.4384816875657720],
  [0.0418115423197842, -0.4639920531362667],
  [0.5840441285008574, -0.8115864029648072],
  [0.2500039393359185, -0.1587898540464577],
  [0.0573526827896130, 0.2836086092023697],
  [0.6942712822593172, -0.7196545808258182],
  [0.1661271359045284, -0.2821886446721042],
  [0.9369147956025010, -0.3495578146474825],
  [0.4286869629559344, 0.3634343775743727],
  [-0.5336511530114698, 0.1391980202311398],
  [-0.5190944515981435, 0.1963716746018588],
  [0.2461240259863080, 0.4985007321310118],
  [0.2951754070570496, 0.1824584899670597],
  [0.6090768408526266, -0.5824521474142809],
  [-0.6654102550029608, -0.1172785527807416],
  [-0.1879956949114150, -0.3040310419025877],
  [-0.7874837169777995, 0.1294031906859653],
  [-0.3558989507228737, 0.2110555408804212],
  [-0.0460019503477852, -0.4716598816042342],
  [-0.0128891601522928, 0.5186682303270307],
  [0.9916228838910642, 0.1290347007463934],
  [-0.1297617358497921, 0.0167945216821114],
  [-0.4725091598051787, -0.1517471245399718],
  [-0.5155946033004034, -0.0415796233551793],
  [-0.0108997125870516, -0.4581106244493344],
  [0.5205484938069949, -0.8537104536495348],
  [-0.0746744182055820, -0.1651225462011870],
  [-0.3449352626256175, 0.2894211380288230],
  [-0.7797083766789994, -0.6260535104602672],
  [-0.9766431504347851, 0.2146828810082591],
  [-0.7868318510163592, 0.2189697923393412],
  [0.1597875825948706, -0.4284319568699302],
  [-0.2999277798401866, -0.1190637836168590],
  [0.0373688421480136, 0.0765389729010491],
  [-0.0392686425282982, 0.4819972011789074],
  [0.2083617457702876, 0.1347112850045053],
  [0.4788431938858685, -0.6835510893546867],
  [-0.1626181400613091, 0.2537889670381774],
  [-0.4778728445191436, 0.3626847135761897],
  [0.6261403386877928, -0.1408052018170258],
  [0.5504841472793308, -0.7833451602544529],
  [-0.3246449186036298, 0.4086078552321808],
  [0.5629820978960229, 0.4031334237885366],
  [0.1304805985996609, 0.0103728111138138],
  [0.4070364369680459, -0.3222557229329284],
  [0.1104195077877179, 0.2134194544440650],
  [-0.5003829689411632, 0.5564121547693026],
  [-0.1084534129247649, 0.1405448199944477],
  [-0.0253962385029374, 0.9661659719358437],
  [0.5427451291472923, -0.1048031209871109],
  [-0.1715689130260148, -0.0602683650601165],
  [-0.2995362084274083, -0.4560091565218106],
  [0.1151966604540322, -0.1908281824372836],
  [0.1519782172935328, 0.9617033205290316],
  [0.4530250268085160, 0.3925986090413675],
  [-0.2160797119192092, 0.7765214932102643],
  [0.0088345432391573, 0.0276124936765013],
  [-0.4696367987084596, 0.2488941602465503],
  [-0.3601517862386475, -0.5807373472629610],
  [0.0578519730324738, 0.3223315865841850],
  [0.1121310632978869, -0.0104814328782506],
  [-0.0352460706361354, -0.2030016275187006],
  [0.1365165926490666, 0.4594204861518467],
  [0.2378192343409148, -0.4004579154184630],
  [-0.2452115118992353, -0.2690509239188790],
  [0.2404463440183048, -0.6035490347559580],
  [0.0544652181017451, 0.2441340479370954],
  [0.1693507471319408, 0.3309604735293271],
  [0.2917560045681997, 0.1531767218812069],
  [0.1553623792405538, 0.6458756599773890],
  [0.1223473640681809, -0.4059128246559339],
  [0.4990359321382452, 0.0864578691762459],
  [-0.1045362979545512, -0.6100086029255904],
  [0.0839286338140832, 0.1899535219084638],
  [0.4966692035471648, 0.0182946099757326],
  [0.2648929220275666, -0.7943954405165848],
  [-0.3246566450221379, 0.0346609519262600],
  [0.1154861214941596, -0.6692727705514152],
  [0.7687668062771351, 0.3177422317157416],
  [-0.5055184867807041, -0.2522105711692536],
  [-0.3225582175279398, -0.6773418809237517],
  [0.5094383276086062, -0.0339142972248664],
  [-0.4582971825407418, 0.8886897656514613],
  [0.1329833927532771, -0.0660407734943195],
  [-0.2706884736065939, -0.4676509354231864],
  [0.2965805324074280, 0.3787434954020726],
  [0.1117402709705339, -0.7174012140791068],
  [-0.5335408012156828, -0.5640186447828522],
  [-0.7234563016193855, -0.2861418483128025],
  [-0.1822197884204063, -0.1952577102783199],
  [0.2511917853847687, 0.0396330037556784],
  [-0.1476090419660592, -0.2645868669133445],
  [-0.3949246438750677, -0.2442611768243207],
  [-0.1006762841191697, 0.1955174862884621],
  [-0.8956114217837648, 0.4448372524535948],
  [-0.3728850560204423, 0.6415359865394743],
  [0.1817569590304784, 0.9401863429244776],
  [-0.0019114429143328, -0.8414397442914000],
  [-0.0178783406422067, 0.5461666472645741],
  [-0.2707090319761356, -0.3181228798872883],
  [0.0288581985037499, 0.9995487614717431],
  [0.3880103741422196, -0.2580525905276911],
  [0.6864155101580574, 0.0305789237001988],
  [0.3363895870333002, -0.2632869016578740],
  [-0.9911446020294422, 0.1323919460764942],
  [-0.1739523474092932, 0.2813280096418679],
  [0.3892136545267128, 0.2733590704697098],
  [-0.6254642736759568, -0.1547596538183419],
  [0.4978708008965076, -0.5062255543211461],
  [0.3196053858527669, -0.9475507360209816],
  [-0.2895706637182596, -0.3941560948890103],
  [-0.1849583468310427, 0.4255628707283818],
  [-0.4938474590083184, -0.1336988094041440],
  [0.1281857571684782, -0.5254705097409815],
  [0.1833758839515735, 0.4676713565090926],
  [-0.0766856398429290, 0.5179921166925542],
  [0.3802278978394094, 0.8090145903668137],
  [-0.5305530011599873, 0.8474721179370188],
  [0.0947816118977081, 0.1642418183292735],
  [-0.5053806288188594, 0.5288750358675756],
  [-0.7775949314855205, 0.0129678515811134],
  [-0.4645692862537028, 0.8467150742626876],
  [-0.4884193368066148, -0.1751342169519691],
  [-0.4404134249409788, 0.7168471484714924],
  [0.6785137328781113, 0.7345070425347673],
  [-0.1967422264476050, -0.1714518376157574],
  [0.5196582663823248, 0.5268086934777507],
  [-0.3996203322797554, -0.1400421269953129],
  [0.0789541105632402, 0.0796877251422797],
  [-0.9999111705182446, -0.0113964850992197],
  [0.0220889275800484, 0.5882549014567375],
  [0.0778559248638073, -0.4628679998786276],
  [0.0765846262105860, 0.6880960831519886],
  [0.3604942446122987, -0.7071029278978614],
  [0.3061470916444339, 0.7645154486679631],
  [-0.0475488964819546, -0.1587375700192761],
  [0.0106019079214319, 0.1185468131862922],
  [0.4161518958353420, -0.5546991107790095],
  [0.4280390943373228, -0.5091521096063746],
  [0.6082256386331358, 0.0705207128017375],
  [-0.1937884906671389, -0.6679570266938818],
  [0.3784448793126982, 0.6006532076819935],
  [-0.9323254068055699, 0.2417342584099748],
  [0.0654402191515105, 0.4091305200735681],
  [0.4699532063410610, -0.2296810915752495],
  [0.2792185803830342, 0.7326393882897189],
  [-0.4560492198292544, -0.0769719118354395],
  [0.7976981410208044, -0.0748421378421720],
  [0.3469123109430082, 0.1762782460001608],
  [-0.0588173682339281, -0.1883024563449290],
  [-0.0816438483617929, 0.6033097399447013],
  [0.0699540456911517, 0.1315566107844607],
  [-0.1915058335905402, 0.4635597205514163],
  [-0.8031002685032044, 0.0660139264228625],
  [-0.3025659404319754, 0.0678360815066163],
  [-0.2554199336191899, 0.3605787925283572],
  [0.3317132815797693, -0.0013546348192134],
  [-0.4378536772950489, -0.0296060397802015],
  [0.3817123760132207, 0.4707963401585673],
  [-0.1576674189872302, 0.0152576519626203],
  [-0.0060201783489067, -0.0319051585662673],
  [-0.0305950876180196, -0.0187620757818268],
  [-0.3518011148603639, -0.1159805562726850],
  [-0.1706705959180528, 0.5935420521354886],
  [-0.6275925095429046, -0.1223598673393772],
  [-0.2820433920605970, 0.6760014357844700],
  [-0.0784687427959003, 0.6408158056206611],
  [0.4377312097705988, -0.3159198828090597],
  [0.2688942898259888, 0.3448350603569532],
  [-0.1453075159291724, -0.1422584892777164],
  [-0.9998340595024324, 0.0164538562162973],
  [-0.3481016418573417, 0.5186567474534324],
  [-0.6884021294065069, 0.4931824275160400],
  [0.1586504670078294, -0.1216978791784501],
  [0.6164615042083632, -0.1012882290887327],
  [-0.2088842750700402, 0.6046808753145827],
  [-0.8093852311878301, 0.5872738938013196],
  [-0.1317339461093215, -0.8123014086955461],
  [0.2909729437313065, -0.4101918846819037],
  [-0.9702802448951139, 0.2418360261267009],
  [0.8105093370748232, -0.5857257161116718],
  [0.5638639840697744, -0.4242452094386603],
  [0.9028169741787633, 0.3806335814710268],
  [0.1817848055697038, 0.0522970106851319],
  [-0.4420388162077687, 0.6464947177875354],
  [0.3063112085562970, 0.7039095128559884],
  [-0.1698360691385255, 0.6842198970715513],
  [-0.6566974596918109, -0.1436665232371220],
  [0.0125597463059409, 0.7258100681687331],
  [0.4512293655347459, -0.3786031136421401],
  [-0.3496904480393446, 0.1740266629055417],
  [0.0465046670484936, -0.1466917495039864],
  [0.3949433883864931, 0.5095044814570223],
  [0.3942270328963189, -0.5871356490433152],
  [0.0155404877775605, -0.3538071870612849],
  [0.1188900255070324, -0.3422287314737580],
  [-0.6366253741322122, 0.0972753015280638],
  [-0.1966979522845770, 0.5471048219529596],
  [-0.3373621537131977, 0.0663473266385913],
  [0.2414866048032256, 0.3494164557437449],
  [-0.1676044470273373, -0.1160893269687675],
  [0.4087583915643070, 0.6441419787697846],
  [0.0897853963285195, 0.3416804470457996],
  [-0.6845663230376491, 0.7288817183130571],
  [-0.4834202530366318, 0.0545657642905374],
  [-0.0426416235450554, -0.4992404759163220],
  [0.0061084640316734, -0.2726444804690487],
  [-0.2495314817921275, -0.6012464366993459],
  [-0.4940823546964366, -0.6385523629899369],
  [-0.3386684889892495, -0.1938466615564172],
  [0.1523553271160738, 0.1056239623058807],
  [-0.0166107446411285, 0.1668911601876827],
  [-0.5348483215971725, 0.3083596066525861],
  [0.1056595630935489, 0.8842498455266244],
  [-0.8145581148075295, -0.5799788274444903],
  [-0.7246809605564796, 0.1479050258896866],
  [-0.2578945459729238, -0.5116630052670285],
  [-0.5192683353860021, 0.6809861787478125],
  [-0.2081725140976598, -0.0190395714527715],
  [0.1774584106038106, -0.6304448994158992],
  [0.0788789341656251, 0.3017957805504073],
  [0.4632899551569428, 0.0620923953370605],
  [0.6761804619891200, -0.5013152474972106],
  [-0.8136537583561078, -0.0037914804778119],
  [-0.9357166178341098, 0.0147789394252872],
  [0.4330982867327575, 0.7142339327570834],
  [-0.3341582108522655, -0.2393960769765907],
  [0.0250390750936085, 0.5021309172416829],
  [-0.1040648410434449, 0.6516067598311862]
]
