[
  [0.3435378329374665, 0.4931659087005296],
  [0.0191247796471963, 0.9998072843952597],
  [-0.1124557072355645, -0.7580723871001811],
  [-0.7766736088144223, -0.4198579436355417],
  [-0.6948001245095586, 0.7125845823488046],
  [-0.5137732734464624, 0.3894201895459847],
  [-0.3848121124475506, -0.1720788654429284],
  [-0.0106965950330691, -0.7718888709608293],
  [-0.1054522370116817, -0.4628283703684332],
  [-0.1832656700384712, -0.7270270444091270],
  [-0.0329374567465800, 0.1077878558481003],
  [-0.2837933298252179, 0.0713370755056892],
  [0.4666487437265600, 0.4491874167638970],
  [-0.2023190468627384, -0.5022501612207474],
  [-0.1683025725820692, 0.6728015130973202],
  [0.4628575818696284, 0.5060777828411340],
  [-0.2901413553972160, -0.4844914551436280],
  [-0.4234784281621656, 0.1754610101945120],
  [-0.0474086869285112, 0.0699535566887468],
  [-0.3506799840347292, 0.1914053805127555],
  [0.9512976697002037, -0.3079915335347077],
  [-0.8843483475314359, 0.4667861339234802],
  [0.1158971766045518, -0.0122914256494917],
  [-0.0343759476394406, 0.2486137419397609],
  [-0.1149920877815878, -0.9933664075997494],
  [0.9963697993263558, 0.0851306231056567],
  [-0.0841185802281682, -0.3696676341753173],
  [-0.8017391326147475, -0.2569541876260704],
  [0.0182532208237108, -0.1336267867940062],
  [0.8113576753289049, -0.3730054846111299],
  [0.3226825471193956, -0.5265394288231604],
  [0.0802143314148395, 0.3756653013845452],
  [0.5689689416924893, -0.2271030764746268],
  [0.1699570220216800, 0.6587308835103334],
  [-0.6250735622736286, 0.4296898929460347],
  [0.5373004064000800, 0.8359557646685829],
  [0.8980831462092699, -0.4146704030745925],
  [-0.6069887527407130, 0.6919157966726739],
  [-0.3585797949124303, -0.0249105713980315],
  [0.0572784859284984, -0.7475625834086698],
  [-0.1685793839713073, -0.0483739655620638],
  [-0.1850749665118902, -0.2694728155219718],
  [-0.1800533921784657, -0.6070928112772868],
  [-0.3337210968163566, 0.6400898317137377],
  [0.3234511184382238, -0.2665931199212708],
  [0.2109108070694231, 0.1608010270176772],
  [0.0496594904418211, -0.2701673580503805],
  [0.1792327636893094, 0.3082906356589061],
  [-0.4165214643089620, 0.0782455540704689],
  [-0.7921281396167140, 0.0915904615715847],
  [0.5304301041270514, 0.1639570892147949],
  [0.1924286376657164, -0.1320636011571550],
  [0.1463933651931711, -0.3250805793311419],
  [0.5896831843434416, 0.4933740805743585],
  [0.8516933574912867, 0.3077077253132210],
  [-0.3443185413505778, -0.5004012591577918],
  [0.2274603217989896, 0.3757931092011129],
  [0.1429839687290522, 0.9897250045777813],
  [-0.0216526904737149, -0.0765945178278898],
  [-0.2164300311044130, 0.8616152895938956],
  [-0.0567499541377587, 0.6674055216895919],
  [-0.4028938377950729, 0.2399336853009783],
  [0.5160116564863667, 0.5110037880036369],
  [0.2186771883765178, 0.0440170267039050],
  [-0.2030051097328168, -0.5494084435497500],
  [0.1113166900570570, 0.0433087503492223],
  [-0.3819386645988457, -0.5953992943314358],
  [-0.3476778150937613, 0.4991005787623227],
  [0.3354222494222450, -0.1741985246686009],
  [-0.2822159740255735, -0.2754888658875900],
  [-0.1361564960331722, 0.0725722154456418],
  [-0.4124636866417148, -0.2521108385852890],
  [0.0708801891421593, 0.0406002277894318],
  [0.1660480144128050, 0.1967536099511329],
  [-0.6353130454148711, 0.3613139193812957],
  [-0.3077622067914799, -0.6150976406205135],
  [0.6123496852954150, 0.0509496722010330],
  [0.7128456543393671, -0.0640464999347282],
  [0.3529190041425652, -0.3669659371341746],
  [0.1037427821416438, 0.3360461659462162],
  [-0.0142937815405792, 0.0371960418376071],
  [0.0790396777072349, -0.1704575300287190],
  [0.1317194585684582, -0.4077599408134143],
  [0.3021614355278425, 0.9529872888155443],
  [-0.1180936647467520, -0.6997825914462572],
  [0.4495793809011696, 0.0409374884045010],
  [-0.8918193657691216, -0.4523916653069128],
  [-0.4851815747416879, 0.5406566702708379],
  [0.1808670321632402, -0.3584809423725633],
  [-0.1377047506908070, -0.1739798766233436],
  [0.2165536583850292, 0.5764827939217898],
  [-0.5049381553357711, 0.1209733680860876],
  [0.1179422666844304, -0.9699267086539586],
  [-0.3000088936441079, -0.4337650944585383],
  [0.6687833492891084, 0.5934031388590305],
  [0.6106332264607794, -0.3270025342463523],
  [0.6097307929698706, -0.4541892702358689],
  [-0.3916519398695028, -0.2143196812204817],
  [-0.0006812712060041, 0.2264076375965925],
  [-0.4943195817465241, -0.0694179237940811],
  [0.5946442216972178, -0.3842689124348320],
  [0.6029021770858360, -0.0386146917493712],
  [-0.1706638635873030, 0.0435781506407625],
  [-0.7828325664683473, 0.6180050771066802],
  [-0.4563006450089077, -0.2208540290585047],
  [0.9381771926677193, -0.3459366287908247],
  [0.6655461581369648, 0.3800246308002750],
  [0.4479021549397634, -0.5360650555017181],
  [-0.3043588902949925, 0.2515044376047605],
  [0.5475522311747307, -0.6413091032850262],
  [0.1244974278213077, -0.6651847199493415],
  [-0.3677991240420871, 0.0276753712413222],
  [0.9999607749061180, 0.0057135726494584],
  [0.1939596941925752, 0.6185839843486571],
  [0.7444272262667427, 0.0876586063680444],
  [-0.8524825650997724, 0.4975878568250878],
  [0.3322748994862123, 0.6479186010066210],
  [0.6022413191253320, -0.1158200935110690],
  [0.0689003292895723, -0.3058425981514368],
  [0.1869881259182235, -0.7067654752169423],
  [-0.5133978710061519, -0.2509632991421720],
  [0.2994137114021262, -0.0788766475498139],
  [-0.2173499506134469, -0.4114214080958111],
  [-0.9403631443570041, 0.3398475414788297],
  [-0.0526097916941038, -0.5912293228735864],
  [0.0592676551619568, -0.8189480762406357],
  [-0.3526155548313092, 0.1315923436702990],
  [0.3174830083279780, -0.9434325815240276],
  [-0.2882227301135760, 0.1296303148679950],
  [-0.1553597437405397, -0.9878579604502227],
  [-0.3348617329364240, 0.0510620437455021],
  [0.9729481614283986, -0.2304200242014338],
  [-0.6914962414238325, -0.0793412458087183],
  [0.3560229851486196, -0.9319975901916696],
  [0.3875141043914111, -0.5482620953647444],
  [-0.5849012837413213, -0.0616358305754786],
  [-0.5689528827967398, -0.8220240408900521],
  [0.5348835618730552, -0.1506638497664044],
  [-0.9907446802343841, 0.1354464171646658],
  [0.7682409773818564, 0.0272398771638208],
  [-0.1005431590255647, -0.0612704239432182],
  [-0.3358943474675083, 0.7729653745973830],
  [-0.2586667332821361, 0.1026673669711893],
  [0.5279699357376486, 0.7337031365611888],
  [-0.1048954766965010, 0.1009324672090218],
  [0.3688222073387915, -0.1461561045482988],
  [-0.2385506910255488, -0.4557741404046622],
  [-0.2622870860363812, 0.1981478305258765],
  [0.1997229665683528, 0.4809857638304295],
  [0.2890044241443790, 0.0172905718137900],
  [-0.7437205635872159, 0.0385532874278234],
  [-0.5414193683333541, 0.2569638488035627],
  [0.3809163439556205, -0.4098814312230042],
  [-0.0961666441807203, 0.0046333843726484],
  [-0.1729189642000122, 0.0911523813319286],
  [-0.2947594747883373, 0.3554827092273716],
  [-0.0533764954062201, -0.2060803131861020],
  [-0.2143946663030761, 0.6320643158270366],
  [-0.2797007897994949, 0.4339564999423790],
  [-0.8046417815527555, -0.5924506593725535],
  [0.1894782589343631, 0.3555376726194765],
  [0.9232415583202707, -0.3830904178178514],
  [-0.3773492626338583, -0.3671390208237606],
  [0.3894762312931762, 0.1201851062179606],
  [0.0017025317461184, 0.0002280374929445],
  [0.5431965814641230, 0.3844637249302397],
  [-0.5800659085055356, 0.0438476376542069],
  [0.0386960663331888, 0.2189613497974159],
  [0.1841928086613266, 0.2324127257497322],
  [-0.2868604779136195, -0.0552521838035371],
  [0.6077592449641733, 0.3368001238236776],
  [-0.5735917137846211, 0.3751533912494095],
  [-0.3955308304473036, 0.4416519874322352],
  [0.4000790532505724, 0.3458001518158277],
  [-0.6018586593534552, 0.3008425072695933],
  [-0.9912290245146946, 0.0911551095255752],
  [-0.0226369433929900, 0.9997260117710676],
  [-0.3840436337256533, 0.4017925285240643],
  [0.0441323241417787, 0.7465113283603271],
  [-0.1795089666344362, 0.1719567329314325],
  [-0.2324845194965966, 0.9724622807761172],
  [0.3100512046218781, 0.1572340025910540],
  [-0.2184579806796121, 0.3811057603131736],
  [-0.3777520707291018, 0.2820805771073751],
  [-0.0598878250717563, -0.1076626543285494],
  [-0.0378132669322641, -0.6437143853964863],
  [-0.2325890106465891, -0.6804725788491578],
  [-0.5673118781525678, -0.2470514999223899],
  [0.3713546589087997, -0.2858959886215994],
  [0.5770912848065090, -0.5283862630961145],
  [-0.0234747586194245, 0.1477833696432103],
  [-0.6657539445322955, 0.7437649381599136],
  [0.0497840539729507, -0.6880256394997789],
  [-0.5283733536294886, -0.0301647458130910],
  [0.7656882507132944, -0.2601125597630007],
  [0.8315991757871967, 0.1701802997220435],
  [0.2610908924543786, 0.2855618925252519],
  [-0.4267729664151380, -0.1403166739926412],
  [0.2708014247609754, -0.1600759058214314],
  [-0.7284966313470851, 0.6848198178883368],
  [-0.3554009333189028, -0.9345968275893756],
  [-0.3514185536503003, 0.3127203326170721],
  [-0.3219403624992016, 0.4028022092611525],
  [0.1505987213731380, 0.1046236463556143],
  [0.0514540363731653, 0.3453685437191003],
  [0.7020934535336342, -0.5201948017951084],
  [-0.0899850035206528, 0.4992725008071629],
  [0.2632244654942678, 0.9645354500269876],
  [0.0421963848233975, -0.9865674877175872],
  [0.5422531817341335, 0.4540754464520688],
  [-0.0695301934743441, 0.1240743908513822],
  [-0.9985588605259853, 0.0518098036914980],
  [-0.3309152220129377, -0.1811676045314475],
  [-0.1217658827879712, 0.4615874230273068],
  [0.0078143984117938, -0.6054325373613756],
  [-0.4515552560757100, -0.3216312925593751],
  [-0.2871088114448284, 0.5629853462749275],
  [-0.5939151545349703, -0.6208012236848172],
  [-0.7595083070766577, -0.0662116859386691],
  [-0.6704099715301947, -0.0010420647753585],
  [0.4596837768208223, -0.8017492506844824],
  [0.1189947486929877, -0.5802272974209074],
  [-0.3876875306975606, -0.4829250190245707],
  [-0.0509934121562327, -0.5100446434789504],
  [-0.6728944977110286, 0.1487051308493193],
  [-0.9525779415761055, -0.2970148670370242],
  [-0.8066537480738789, 0.1797448424098301],
  [0.2391381883055075, 0.4601419745470171],
  [0.3727212677384182, -0.2346341707826507],
  [-0.0236077396260601, -0.1677591592728334],
  [0.3819667010248585, 0.0392976770425896],
  [0.9628665994416974, -0.2691448046039300],
  [0.0738857669419016, 0.2979113380422868],
  [0.0182020246652058, 0.1377667819281966],
  [0.3416905277169095, 0.4056325612929206],
  [-0.5593018506044338, 0.8286672434170099],
  [0.4328488665695764, -0.2562008407267523],
  [-0.7547399470629943, 0.4503439966259294],
  [-0.4726953499375284, -0.4425612654851739],
  [0.0771692244188003, -0.2395469278102458],
  [0.0897948440605717, -0.3404715581876348],
  [-0.8891414781593192, -0.2364854214425389],
  [-0.2082947873392261, -0.0427906983562410],
  [0.2211290206700332, 0.2873634244255677],
  [0.0806098486211578, -0.0973969000014770],
  [0.2266440255489850, -0.0534609071154582],
  [0.2404578385714161, -0.5717267447713162],
  [0.2768106259536628, -0.3002109935291692],
  [0.2905208997174112, -0.3774814705230281],
  [0.4164859512600876, -0.6070901802249520],
  [0.1570445843984626, 0.5075567171739033],
  [0.0981269086465106, -0.6172629228068640],
  [0.3263023674132021, 0.4433928447195393],
  [-0.2493679852352087, -0.5107297877097563],
  [0.5341593539063469, 0.2677518867990037],
  [0.6883188243565538, 0.0926156565325859],
  [-0.0915451495786590, 0.1966910315729991],
  [-0.6269046689549463, -0.1788511012206321],
  [0.6230068296324928, -0.2773099701905283],
  [-0.9097646854019160, -0.4145270235964673],
  [-0.5192794296075938, 0.8544299395056202],
  [0.0176764461823098, 0.3986458180907381],
  [-0.7544178984770734, -0.4788159757264014],
  [-0.4678481256630830, -0.1107514578301987],
  [0.9977599265590539, -0.0649924096514771],
  [-0.2850696453263994, -0.3201915559423151],
  [-0.9866036642438588, -0.1631355562119764],
  [-0.1075320108428810, -0.6488671245629165],
  [0.7714312530135775, 0.2205705031842282],
  [-0.1241860960559132, 0.2471447027201779],
  [-0.6257850510515571, -0.4250580231384227],
  [-0.3389765414883534, -0.2217960311299493],
  [0.0876640102131587, -0.4575289588626547],
  [0.1924355370757872, 0.7116592241925055],
  [0.2478542680071679, 0.6344673778763882],
  [-0.6251330456778414, -0.5521590555679564],
  [0.8902411243596531, -0.4554458052420592],
  [0.4891341703729805, -0.6713989182310725],
  [0.4157616897596338, 0.6684255202749445],
  [0.7059198447977406, 0.7077071267894438],
  [-0.2569783337492469, -0.1764438303164783],
  [-0.0552710870789495, 0.2139109449175419],
  [0.1154080501580796, 0.2799606737943040],
  [-0.5400111259465559, -0.4096979785418657],
  [-0.2143494586095645, 0.3389635080589712],
  [0.3148396252635223, 0.3271022396191436],
  [-0.5266429632853125, 0.0165556849218807],
  [0.5804674189534615, 0.1012698055178796],
  [0.0321280082563697, 0.8986514910093810],
  [-0.1870272181532401, 0.4332697839342682],
  [0.8183269468156460, 0.3766264406271984],
  [0.0842053344057683, 0.5254308225956046],
  [0.7244906394249051, -0.1248491421102720],
  [0.3220702946190884, 0.7177156540147834],
  [0.2074556391867920, -0.2748725228508513],
  [0.3487726959439580, 0.8538536107904242],
  [0.9814764167173331, -0.1913246668384672],
  [-0.1222084798861817, 0.0350615364717287],
  [0.4290574454430575, 0.0862853574111900],
  [0.5030843620820690, -0.0363778459721519],
  [-0.8856892485732900, -0.1565500267642226],
  [0.7019718545894489, 0.3291264062191370],
  [0.0109060708793042, 0.6454989126168470],
  [-0.9202988181879079, 0.3861814732840297],
  [0.0478773751250937, -0.3532698821263039],
  [-0.5911597203597186, 0.2225869210997636],
  [0.4642553055506889, 0.2140857277639188],
  [0.3908415041777573, 0.4749142299239287],
  [0.1963268864303588, -0.4051804834612584],
  [0.7382669276480348, -0.1966380528458906],
  [0.7120603484952701, 0.2589862772412138],
  [-0.3224301884930321, 0.1600966929704809],
  [0.3236092876558867, -0.2262676313940139],
  [-0.4637395900898856, 0.2169212211635967],
  [0.3025124588011287, -0.0253750238500704],
  [0.9721746097423367, -0.0296307024437165],
  [0.5213065268764692, 0.2107830414539305],
  [-0.2990665785831227, 0.4974225620784135],
  [0.0349180871728264, -0.4637564949925281],
  [0.6125922649012786, 0.2564457610472987],
  [-0.5296728671646771, 0.4718533323889165],
  [-0.0694881113051943, -0.2523919811057621],
  [0.2758470545755656, -0.7659516066825501],
  [-0.1027582091336433, -0.6010444881616239],
  [0.1075131359542801, -0.7061895237488987],
  [0.7867697677114257, -0.1576966272164722],
  [-0.0333242479843601, -0.5533047198748416],
  [0.5089668880496552, -0.5790876424964975],
  [-0.2376133272816823, -0.9627631206028512],
  [0.7078804392715218, 0.5008053105110156],
  [0.2096482083849854, -0.1990445253592255],
  [0.9786987239114029, 0.2047509738316169],
  [0.6584206462033784, -0.0597807343791269],
  [-0.8980131857779572, 0.3001291512482946],
  [0.2843147891022347, 0.4348585599223375],
  [0.4247560652537142, -0.3861552887690295],
  [0.0378290310950084, 0.0175088967816417],
  [0.7640163851182795, 0.6445614023976989],
  [-0.1873637857152652, 0.0065383442599540],
  [0.4111004674114979, 0.1609582162430375],
  [-0.2529827988979333, -0.2167074293873260],
  [-0.4039592395650983, 0.3608728252188338],
  [0.0809435636747737, -0.9967050131060807],
  [-0.0348418070282764, 0.8439102697621925],
  [0.0907239498295056, 0.1667951375430883],
  [0.7181295050244392, -0.6956495760972764],
  [-0.7482796122816515, -0.6546631894677593],
  [-0.3363775591877168, 0.4407156672870446],
  [0.1869482673392996, -0.3130833537851497],
  [0.0241414681992794, 0.3067566053041942],
  [-0.4971455007894776, 0.3185609617153637],
  [0.0245654113666452, 0.5372632691899447],
  [-0.0429749846625016, -0.9990678515258784],
  [-0.9270732349346735, -0.3742114056018516],
  [-0.4104299310248478, 0.6559746178428708],
  [0.0149048548274551, -0.0934816426781861],
  [-0.7571109379688102, 0.5231398017209913],
  [0.1305392636490651, 0.2379756508096366],
  [0.5322325144526607, -0.4975797437913131],
  [0.0564434809413807, -0.5659395192293468],
  [0.3522971714215634, -0.5924225506409807],
  [0.2688722432225755, 0.6686102125687474],
  [-0.2252916641388167, -0.0063098586529793],
  [0.3684222520220289, -0.1005483237616353],
  [0.8787525278506357, 0.4772776914921937],
  [0.3269060740254103, 0.0302806321241929],
  [-0.8504187192239335, 0.0463921772017695],
  [-0.0726296136074758, -0.0282310231352924],
  [0.2591847527098515, -0.0806402578448871],
  [-0.5319215240416177, 0.1517405539018183],
  [-0.3226382808521686, -0.2673077357316231],
  [0.0387919677646837, 0.6063476996107137],
  [0.8965166716883137, 0.0865234264236934],
  [0.6750238221017648, 0.7376799625091424],
  [0.3523876305572679, -0.8454933108575695],
  [0.3496174986952335, -0.3257080250919298],
  [-0.6747577399934086, 0.2272952829412080],
  [0.6547320286650476, -0.1095442828951677],
  [0.1076878043335210, 0.4909252982250560],
  [-0.2254706331026722, 0.5309691783117430],
  [-0.2398968646852492, -0.3085515891992167],
  [0.4266546989761169, 0.9040872758951414],
  [0.8135656564780492, 0.5814354589740336],
  [0.0310471485437290, 0.1759050939857710],
  [-0.7554484828477064, 0.6552080507465539],
  [-0.5229595384629429, -0.2960706390518099],
  [0.2663607121328697, -0.4205744748005038],
  [-0.1578020916035596, 0.8931835539772144],
  [-0.4751983200796532, 0.8798003383090480],
  [-0.0214207452217815, -0.2435004985469770],
  [-0.7344663996555035, 0.1275162503779208],
  [0.4244024309569239, 0.2028886745865824],
  [-0.7034665212921807, -0.1374544309729055],
  [-0.2129946082590411, 0.0474472679507344],
  [-0.6266821053693418, 0.0256946337388755],
  [0.4145251855905184, -0.0714324092971150],
  [0.4261781636269312, -0.1637050866396478],
  [0.4715553319235544, -0.1980809496128555],
  [0.6513404168457192, -0.3997141591729454],
  [0.0718295930951098, -0.0390002987626554],
  [0.4838716768339975, -0.4414345253669034],
  [0.2213778268675148, 0.2061032251843457],
  [-0.0686903318912841, -0.7783337030885422],
  [0.5490263727264704, 0.0521875430782550],
  [-0.1828412659984170, -0.4350456480658265],
  [0.1440209133941169, 0.5949481136057048],
  [-0.4177701708255976, -0.3775575592983898],
  [-0.7438403983796810, -0.2734278393553605],
  [-0.1745711553776400, -0.6587652184027006],
  [0.1524362810273683, -0.2729689540277291],
  [0.0308983054848122, -0.0347057539574005],
  [0.9696778991500462, 0.2440780303678697],
  [-0.9666410128765994, -0.2554665430683151],
  [0.6418261306281275, 0.7628543098123184],
  [-0.1373399835868218, -0.1221433821037184],
  [0.6145067762572740, -0.7887605736829658],
  [-0.0626215330205596, 0.9979710615861586],
  [0.4389971179859536, 0.2726175341435874],
  [0.1475724604037366, 0.7665319242742183],
  [-0.0068953730030311, 0.2802606593899102],
  [0.1281265309433810, -0.1755256034201457],
  [0.8281309287444530, -0.5600301688720573],
  [-0.7164003186467824, -0.0187164706218362],
  [0.0272122242623889, -0.3988203826723716],
  [0.6438130376587455, 0.1532161617715433],
  [0.0531250623412841, -0.2011088996813935],
  [0.8971960787912223, 0.4416324220453644],
  [0.1056823682042829, -0.5028698248385225],
  [0.2453837337027213, -0.2497293141971677],
  [0.0650100775477891, 0.4129282270752332],
  [0.5671205087392274, 0.3006783115255793],
  [0.4397034208751770, 0.3158473906077799],
  [-0.1419842667466778, -0.5685812949908517],
  [-0.7811110418062710, 0.2347725572068906],
  [0.9293506062667605, 0.3691551392274489],
  [0.4813421553216866, -0.5121378579776132],
  [-0.6919135327750200, 0.0688700154037419],
  [0.7892880075134978, 0.6132317931538638],
  [-0.1965494876290105, 0.1242060828672991],
  [0.1172408719341230, -0.2538397669425092],
  [-0.5991885980536538, -0.7953084439249259],
  [0.3440249052086613, 0.0667612308985855],
  [-0.0646702326351955, -0.4644805735672097],
  [0.3214173003177815, -0.4597893355783367],
  [0.5735462303642662, -0.0875277896851880],
  [-0.1634247179599687, 0.2560177270232759],
  [0.6368100256236191, -0.2193806361117564],
  [0.8412500314259719, 0.2280917040732909],
  [0.5595609353240152, -0.7229854832674789],
  [0.8637482526787137, -0.1404507907297389],
  [-0.4051830229557463, 0.8073661375817323],
  [-0.6666600188053849, -0.7448815956672877],
  [0.3141191241409909, 0.0933527826586702],
  [-0.4888418147123120, 0.1803066529251877],
  [0.1442816833891245, -0.8364191905669252],
  [-0.3526037255925463, -0.6475018091016951],
  [-0.2053314354481703, -0.2349303002853221],
  [0.4606893042864159, 0.6020051752914941],
  [-0.0960927802724978, -0.4219087253386520],
  [0.8954210142236765, -0.0688500995728670],
  [-0.3504068171165350, -0.4312103813629603],
  [-0.1378882729239033, 0.2927314520149130],
  [0.0345954193603664, 0.0581517784864516],
  [-0.5572755962661404, -0.1585569488997915],
  [-0.2776460557074895, -0.9606642074066006],
  [-0.9923250653992820, -0.1234308446109246],
  [-0.0093846758594235, -0.0384782280584035],
  [-0.0426354421398917, 0.6145270543877045],
  [-0.2574645345594586, 0.1558841162557389],
  [-0.1576424882931368, -0.8065293361395901],
  [0.1581577446047254, -0.0504243566717094],
  [0.1813738504000991, 0.0292755025191182],
  [-0.6840740508550973, -0.2719597804333306],
  [-0.2727118888877820, 0.7132120393316826],
  [-0.7585471024292122, -0.1960378646457564],
  [0.2853632888310914, -0.2529268013202304],
  [-0.3449288890512544, 0.2457431483260955],
  [-0.3047515419651786, 0.2067014317265788],
  [0.2954906498092512, -0.1934825124469559],
  [-0.7244757630938196, -0.6889184499406080],
  [0.4245197311208871, -0.0046946594989902],
  [-0.0906679532072223, 0.3490083734679151],
  [-0.5922382035296740, -0.3732986914302073],
  [-0.5824275133961918, -0.1183558847154857],
  [0.6950452955685423, -0.2482563724189514],
  [-0.1377449246911159, 0.3612716556113290],
  [-0.1333122879120705, -0.5179322756070966],
  [-0.1444258616571902, 0.9895122166248673],
  [0.0709314088230902, -0.5232991820878043],
  [0.4596837963726303, 0.7625209878076699],
  [0.3998422271826642, -0.4671000722746211],
  [-0.4327436013671239, 0.5756781414987898],
  [-0.3976125892137174, -0.0043977083166045],
  [-0.3178459821331043, -0.3447827508088510],
  [0.0667787836894707, -0.4229399977675632],
  [0.1032844922515160, 0.9946518555054057],
  [-0.1140893184903606, 0.5532964538496384],
  [-0.2203048784321901, 0.7611388593357850],
  [0.9448241858713861, 0.3243060437515484],
  [0.3929720521886007, 0.4009637409591060],
  [0.1882828364895642, -0.2365177658933855],
  [0.3429440603140378, 0.9392377751895801],
  [-0.2528585379756749, -0.3623905189907157],
  [-0.6807090240836486, 0.3302905479112709],
  [-0.5729996759808580, 0.1639981424257701],
  [-0.0796162018065792, 0.5748467868936298],
  [0.0905232870349984, 0.8150078017905859],
  [-0.8365374703261518, -0.1017372452828540],
  [-0.9380711972228202, -0.3349638910265806],
  [0.5503760546355982, -0.3271629804995161],
  [0.3035740053512472, 0.5196887787141103],
  [-0.5029615872787091, -0.6287923122864428],
  [0.5818389414829238, -0.8130968565648002],
  [0.5063987749709771, 0.8619971108764500],
  [0.3474816214182888, 0.1278509451889117],
  [-0.0031818412851634, -0.7044026248947739],
  [0.4838702970002012, 0.2614585505804593],
  [-0.9610828420876085, 0.1641249621139363],
  [-0.3991179824850909, 0.5284384722212522],
  [-0.6972567032070135, 0.3994480345152595],
  [0.1759777813791156, 0.4316500671371405],
  [-0.1875410285389914, 0.5700248567719076],
  [-0.3922239790913101, 0.9192298413270064],
  [-0.2014045159467294, -0.3683853187189139],
  [0.3705359522297431, 0.5420336802891962],
  [0.1096327509274439, 0.7172346711836437],
  [-0.5297035903423957, 0.2182416359509303],
  [0.4756141244525172, 0.0964901174554027],
  [0.6798387437845185, -0.7328657481917046],
  [-0.8034166549174920, -0.0196448870189558],
  [0.6213152116739316, -0.1639018787476826],
  [-0.4976321765006017, -0.3524132353634282],
  [-0.1029353525435569, -0.2810973476328957],
  [-0.4681334820746383, -0.5773158444929763],
  [0.6665723573601358, -0.6539890249183030],
  [-0.1397063708934334, 0.1221280584260069],
  [-0.4976097534969878, -0.1480823406438355],
  [0.1368158644674515, -0.4480634560658483],
  [-0.4695713861769477, 0.6807985769406770],
  [0.2767836206182693, 0.3401498885243391],
  [-0.5880732796698616, 0.7955956355026247],
  [-0.3493055112340082, -0.1005262201833419],
  [0.2641129887887385, -0.0380144138691270],
  [-0.0052223331415264, 0.0762214804916811],
  [-0.0604584433631818, -0.0667255626895673],
  [0.3153166640402823, -0.1331480473254640],
  [0.8502030491928133, -0.5264549127354049],
  [0.4891328800098678, -0.2428305453927325],
  [0.4509954106074281, 0.3790891314178501],
  [-0.1246082414431049, 0.3996209813077780],
  [0.0490117903435286, -0.0723371158423458],
  [-0.5346926490495898, -0.5656762893537022],
  [-0.9992508876021341, -0.0381602377027882],
  [0.5853836544255002, 0.1537291035225503],
  [0.2674252618326211, -0.6298191993435666],
  [0.2001644340811734, -0.9780691672964982],
  [-0.2581467819359433, 0.4888491710810474],
  [-0.5010066245834223, -0.8650204994372920],
  [0.4867513406359219, -0.0743370115415560],
  [-0.6384165093607773, 0.2619450362303390],
  [0.6990417526880514, -0.5892512803286221],
  [-0.2618727424442212, -0.1188644924400028],
  [-0.9880267295999968, -0.0804491492124323],
  [0.6256028954716254, 0.2027932685245372],
  [-0.1473845678583670, -0.4160717064210767],
  [-0.4988151786318122, 0.6231609979912192],
  [-0.6414112552521317, -0.2399330803662812],
  [0.1429440062024965, 0.0180258797383015],
  [-0.8401271300757330, 0.5422329821860844],
  [0.2593675806422228, 0.0445379644566458],
  [-0.1557948576173263, 0.6050179360677849],
  [-0.1732728777734635, -0.8802626064860786],
  [0.8576186150302119, 0.5139449265314606],
  [-0.5523908798672958, -0.3286781939788771],
  [0.4804262468201131, -0.1439111472882760],
  [-0.2982191135438734, -0.8235789224861471],
  [-0.2174583888793556, 0.1584010878321105],
  [-0.2186133248803625, -0.1898895560383787],
  [0.3303587884625864, 0.5811638971429116],
  [-0.2533895930199388, 0.2558489906567095],
  [0.2945199553999150, -0.5558098437422968],
  [0.2309267320439965, 0.2473180228195098],
  [-0.1311303056073223, -0.0338967943345061],
  [-0.4358901794251205, -0.4908625063210058],
  [-0.3496348901348063, -0.3157854719895138],
  [-0.4627449381990782, -0.7035334290826304],
  [-0.6013099606699507, 0.4951062882377762],
  [-0.9999487251299294, 0.0043895297703060],
  [-0.6332130838175269, 0.7736167567494623],
  [0.8193660983092360, -0.0308641339550967],
  [-0.0215675701354160, 0.7760690231296240],
  [0.1921589443337052, 0.1198039856769556],
  [0.2191062873685463, 0.8700029956375139],
  [-0.4047221614932066, -0.4292098878153854],
  [-0.8305149925052463, -0.5569180851105705],
  [0.2901187072404922, 0.8044584780554986],
  [0.2231601781229164, 0.9661408735621735],
  [-0.2961056552366801, -0.1533526682171992],
  [-0.2965933706657618, -0.2192462693231244],
  [0.3024685594785678, -0.3390822343211082],
  [0.9850441302959217, 0.1253171089737860],
  [0.2054897421044603, 0.0817861559224488],
  [-0.3293388870009398, 0.5657363493746755],
  [0.7681506063487926, 0.3171767074442925],
  [0.2337442282318801, 0.1104091604139331],
  [-0.0877551284128553, 0.0634496719615529],
  [-0.5480021871589216, 0.0781494430703429],
  [-0.4309580301526238, 0.9004386324398492],
  [0.5312752003350411, 0.1154452326120066],
  [-0.0265723542678396, -0.3262836785328883],
  [0.5706215771706401, 0.2204104968328250],
  [0.7942429851626023, -0.4332717054805512],
  [0.3892981192194070, 0.9196153820008567],
  [-0.3416504092521269, -0.5566086031119344],
  [0.0134748138825144, 0.3583617825862912],
  [-0.1652223519628412, 0.3994606077434656],
  [0.6910770488680384, -0.3605492997035291],
  [0.2792322643455905, -0.1158156450891353],
  [0.0819843439825670, 0.2469275946879540],
  [-0.5858574178690753, -0.0117185858731572],
  [-0.2265649355225518, -0.8107963999561812],
  [-0.5533218039137946, 0.5517342005841562],
  [0.3982276512021822, -0.9166595357269007],
  [0.5783896697624356, 0.8155449482824192],
  [-0.2081077924450936, 0.7136220792045825],
  [0.2296203571106450, -0.5264754789403631],
  [0.6949784128242402, 0.0267232966266690],
  [-0.3350680193110617, 0.3579052316187668],
  [0.4739005710943741, 0.0090149955621282],
  [-0.2775508208241592, 0.8028596015441549],
  [0.0112599704165277, -0.4960100763680180],
  [-0.1961686784261940, 0.2980986480213578],
  [-0.4353988150878131, 0.2779784925648771],
  [-0.6115295636152606, -0.2991282351672772],
  [-0.8099530368649013, 0.5859538427411072],
  [-0.5406197548904403, -0.4602669593047957],
  [0.3880576201257270, 0.2801661069762505],
  [0.0199081217491644, -0.3239870201149502],
  [-0.7308656361837790, 0.2822940973602210],
  [0.0044547089774722, -0.9999720728364530],
  [0.3146784021608025, -0.6283829357844298],
  [-0.7785240248483496, -0.6257119040094093],
  [0.4355075055292739, -0.4485242219774588],
  [0.1400830912380945, -0.3662362191224307],
  [0.0280905071096410, 0.4921846595916239],
  [0.0974532001249685, 0.4364201724372949],
  [-0.2941802454197162, 0.0314658312318342],
  [-0.3246576615061136, 0.1001228519670572],
  [0.1596601692338563, -0.9871137299168963],
  [-0.3707056895256717, 0.0811853768321148],
  [-0.3092169933066143, 0.2985485074060530],
  [-0.0534711073634278, 0.4599380576687776],
  [0.8245739906667403, 0.0927212858548376],
  [0.2392760041473671, -0.9687304814331829],
  [0.2842954772831804, -0.8587381153536614],
  [-0.3173820938989068, -0.9482748503582588],
  [0.4854399487276246, 0.6722682690039279],
  [0.7552646011573323, -0.3185440680866065],
  [0.2507800611003679, -0.2100825690221160],
  [-0.1808934927940215, 0.2137801644572243],
  [-0.3249291170915096, -0.0681181847090754],
  [0.1392868370985440, -0.1347966767384060],
  [-0.5353719035543177, -0.8442278362877863],
  [0.4967837907100907, 0.4143115669121482],
  [0.6472594423445512, -0.7618370099517696],
  [0.2284258824672585, -0.1142450246545934],
  [-0.4434184566779650, -0.1809175303034662],
  [-0.0012811082770479, 0.4450629432325329],
  [0.3427593627069947, -0.0223479078207612],
  [0.2772072482633894, -0.4872926854641879],
  [-0.4262554114161760, 0.4912313753096213],
  [0.6420919887093398, 0.4424890769960815],
  [0.1018369092702040, 0.6720618247577387],
  [-0.0130061582952103, -0.4160104705905583],
  [-0.3946182340969628, 0.1225882952270548],
  [0.1200857828971318, -0.0908613206146289],
  [0.6107393667480399, 0.7916360293854909],
  [-0.2123562541102294, 0.2576383782298839],
  [-0.0644988304366748, 0.3825268672240770],
  [-0.3840895924434194, -0.7062838101642833],
  [-0.0253984846135820, -0.4540886605365176],
  [-0.2899942904981653, -0.5490246878476225],
  [0.4384675486523034, -0.8952698658867445],
  [-0.2437383930467238, 0.4129825634697582],
  [0.9940023271104663, -0.1085629503066983],
  [-0.0863780663480854, 0.7721350620860499],
  [-0.2463218102509263, -0.0558220283852187],
  [-0.6330731861209030, -0.7739476283514609],
  [-0.4073718290261837, -0.3169341156527378],
  [-0.0999648913435647, -0.1063913737373582],
  [-0.7357658381306125, 0.2004011858728245],
  [0.7650748624938414, 0.1547838554221220],
  [0.2092399996544935, -0.0173197796096592],
  [-0.4344208264933825, -0.0325715635370835],
  [0.3144674006656125, -0.6960456836853764],
  [0.5221941677018274, -0.2923732125345381],
  [-0.1567784481160159, -0.4843071529247018],
  [-0.5061785304212917, -0.1927944529439237],
  [-0.5777882840576839, -0.2025825214092277],
  [0.1646599371670529, 0.3872046806295912],
  [0.1425150338300234, 0.3244938830002123],
  [0.3933131686214053, 0.2364882375722012],
  [0.3618957637428010, 0.3111884388081002],
  [0.7058675647809641, 0.1513733903533291],
  [-0.3188934189252914, -0.3849375647837956],
  [0.6973170729970146, -0.4424489252915856],
  [0.6405346801699559, 0.0887517694082344],
  [-0.4722525467901639, -0.0189357499400192],
  [-0.5457243522686880, 0.3143119616514527],
  [-0.4612021113544683, -0.2715824042047032],
  [-0.0296850558189795, 0.3559696705307981],
  [-0.0383331609144578, -0.0071625365436903],
  [-0.8493169285496788, 0.1210155802681820],
  [0.5660110967517579, -0.2700412653316297],
  [0.1716761061287045, -0.6273549054151930],
  [-0.0288350528054289, 0.3153591814559384],
  [-0.1013052326123050, 0.3092883664545648],
  [0.0586139856375296, -0.1312376076777855],
  [0.3815858708950183, -0.1942146210671223],
  [0.1881403370453917, -0.5801281091704878],
  [0.5107331086761984, -0.8594636829165917],
  [-0.9756688511233433, -0.2084802053777488],
  [-0.6740043699271491, 0.4808647316870978],
  [0.2545199191290463, 0.7419224354010899],
  [-0.2604228508993021, -0.7465406735186784],
  [-0.4651962242133611, 0.3619624966148446],
  [-0.7507251267347895, 0.3616228753889077],
  [-0.2677864482123541, 0.9528403100054817],
  [-0.7755993339917113, -0.3342680209705688],
  [0.1683172010891897, -0.1664065740745756],
  [0.7754386786223831, -0.6247535058199272],
  [-0.3024608268578249, -0.6895871919205434],
  [-0.1375236181633147, 0.2088052738192177],
  [0.9883926043418655, -0.1516570083227118],
  [0.6408095939781177, -0.5200671603686022],
  [0.2784781330702922, -0.9603543047275253],
  [0.3679223754747259, -0.4916392226713585],
  [0.8560620251576351, -0.2089573086047090],
  [0.4503614389396958, -0.1074814792302700],
  [-0.4414617533566170, -0.0780529055004306],
  [0.8011572809784606, -0.5903165471389830],
  [0.6787148314362168, -0.1684932333556607],
  [0.3390229032153337, -0.0732988411795160],
  [0.0863462438262537, 0.6239501979959187],
  [-0.7186486646416870, -0.5552280237429585],
  [-0.0957716094927222, 0.4275409988568739],
  [0.4224432636086192, -0.2153791947400201],
  [0.4166461125014826, -0.3016917929401843],
  [-0.3738581114494944, -0.2744323848524574],
  [-0.1912380413554562, -0.0900932401257812],
  [-0.2235640684219720, 0.2134576160302617],
  [0.4622164224928954, -0.2952361423252187],
  [-0.2468621228707007, -0.6416922336543444],
  [0.0585714206167464, 0.1370361877674275],
  [-0.3934153854326866, -0.9192066093533299],
  [0.0781433771422263, -0.8933667457111346],
  [-0.2555799347750468, 0.3392176266466055],
  [-0.1545147092053409, 0.5296913063944175],
  [0.0368586570981779, 0.6856172628328255],
  [0.2636497102187409, 0.1877052581095473],
  [-0.4229816399966727, -0.7568277768160031],
  [0.0284834498611681, 0.8231995372109215],
  [0.1148440071362512, -0.2135702133714304],
  [-0.4245855726051294, -0.6361765087854141],
  [-0.6943412008930268, -0.4127150571507660],
  [0.0968915918933019, 0.1179212892921818],
  [-0.1058702142036731, -0.1476686427071769],
  [0.4727039356353248, -0.3449912181508900],
  [-0.1122453006693110, 0.6945226674868948],
  [0.7866869099812125, -0.0896203063800794],
  [-0.1610160096507758, 0.4839590536429226],
  [-0.4299612049940391, -0.9024144755385965],
  [0.2138296812145872, -0.8166239648114083],
  [0.1243781876335938, 0.3840846903165686],
  [-0.5352004642665583, -0.0992109459444863],
  [-0.0356915413994189, 0.7146141944345488],
  [0.8475800606478487, 0.0334458562940568],
  [0.1856140170864167, -0.7758096457632774],
  [0.7328116690859561, 0.6765504197675356],
  [-0.6170826255110842, -0.4796491378957509],
  [0.1498988721560378, -0.5401954996569793],
  [-0.7749703764253416, -0.1307063281210975],
  [-0.0934202747237497, 0.1566962230047251],
  [-0.2008562543368675, -0.9796207251246594],
  [0.7508760775765329, -0.6603502612870447],
  [-0.6876740486058691, -0.1997696159289790],
  [0.5694052741534669, -0.1727861318762973],
  [-0.0372290532646565, 0.4186567958895646],
  [0.4175329447247760, 0.4395509576895000],
  [-0.0426601042042562, -0.2836248625133601],
  [0.2810041624304100, 0.2273507811594364],
  [-0.6881102043524673, -0.3360475693037328],
  [0.1612012993475315, -0.5013366921034912],
  [0.6933214419477766, 0.2055319866597050],
  [-0.3407056538768554, 0.7003331121610437],
  [0.4833224060590605, 0.3298771971347882],
  [0.4628477127218849, -0.6215304242606470],
  [0.3537032692889261, 0.3672941370768416],
  [0.6295402341922313, 0.6602570544669899],
  [-0.2764376432030272, -0.0131567244862906],
  [0.1708792363780584, 0.1540847785277292],
  [0.3753705487287284, 0.7158831306425505],
  [-0.3514270334361175, 0.9346953864672459],
  [0.9904230588630558, 0.0445909558738594],
  [-0.1383785576938349, -0.3052010669716265],
  [-0.5696389031319471, -0.5167004507295242],
  [0.0063594103099572, -0.2813825334207176],
  [0.9581290697216797, 0.2863366650540380],
  [-0.3188448792348030, -0.0130309616617792],
  [-0.0764540178715721, -0.9722906026025361],
  [0.4117493592377583, -0.1256386215209031],
  [0.5512671527232286, 0.6380232394894022],
  [-0.5969254666509015, 0.1113261066995558],
  [-0.1071297319651277, -0.3350888729917966],
  [-0.0092634022130595, -0.2053619918245983],
  [-0.4802571534489692, 0.4784859170892880],
  [-0.1695781305844891, 0.3340711706931152],
  [-0.9603733977971639, 0.2783715751736145],
  [0.6512041982081630, 0.2860492365090972],
  [0.5856765168546701, 0.4016559782371503],
  [-0.0569903074977183, 0.1739284586964136],
  [0.5307069549026879, -0.3677229606701209],
  [-0.2148253618351012, -0.1427284087916937],
  [0.2495982362986396, 0.1498756171407550],
  [0.1621093584859007, -0.2059783860440048],
  [0.9065709223128980, 0.4025799104475686],
  [0.2180086371250662, 0.5363413335173751],
  [-0.6345814797073990, -0.1326488345531273],
  [-0.0934428385258182, -0.1930868227182693],
  [0.1395334772841564, 0.8479282085484281],
  [0.0382271111935570, 0.2644551531878894],
  [-0.1043585305582260, -0.2319576313195180],
  [0.1130031923654978, -0.2938027764960699],
  [0.6526342314019634, 0.5201942376346583],
  [-0.1473383297977718, 0.7547723496000827],
  [-0.2761833841259203, 0.6446201164866749],
  [-0.2659930934064795, -0.4020939401635839],
  [-0.0090819027826785, -0.3622708343618781],
  [0.2401080746127953, -0.3897569959589903],
  [0.5491025027331951, -0.4346321295994224],
  [0.1102887648718412, -0.0519855177611714],
  [0.2758868108739601, 0.0809856068565658],
  [0.2821633279022551, 0.5784817336767414],
  [0.5473865932268291, -0.0261614888472541],
  [-0.2509020122058764, 0.0307065563699307],
  [-0.0639772151386677, -0.1584632230662755],
  [-0.0829655243160757, 0.2548090282974375],
  [0.3566112871341660, 0.2196481895480236],
  [0.1603161806354569, 0.2649122903504386],
  [0.2269251559239611, -0.1553340633543200],
  [-0.6332396652326437, 0.1807365464040028],
  [-0.1462184175729953, -0.2596910731512495],
  [-0.1518041933742519, -0.2146926500829895],
  [0.3795777830705518, -0.0008297361865787],
  [0.5961937816815457, 0.0134043402427488],
  [-0.4634530237275871, 0.0951118457066291],
  [0.2699209256287442, 0.4974796477371057],
  [0.7471117229015899, -0.0223673889012097],
  [-0.1790802641022206, -0.1809104273947188],
  [-0.1956266675265314, -0.3149534006731094],
  [-0.1414993563018480, -0.0818008989457229],
  [-0.3922564100816132, 0.2011656845263309],
  [0.2292151961903811, 0.3310614433421548],
  [-0.0113350355014989, 0.1860466893888805],
  [-0.4713002155981941, -0.3905097776348014],
  [-0.4899491427861795, -0.5064234543816962],
  [-0.0630322086276324, 0.0270782518591023],
  [-0.5573773378236165, 0.6032182042214380],
  [-0.5535641170223216, -0.6878323451024632],
  [0.1226314328388328, 0.1987515198061982],
  [0.1637856818529052, 0.0658382650415628],
  [0.2569801445444420, -0.7016683321141736],
  [0.1864634339747056, -0.4459344896553080],
  [-0.4154157987621648, -0.5423204231726060],
  [0.7020702805410656, 0.4456932461548160],
  [-0.6348932398809888, -0.3582328969538072],
  [-0.4686502364018802, 0.0252972454488191],
  [0.3821455212552527, -0.0472463067884497],
  [-0.6961221456888428, -0.7173895521497353],
  [0.5069999006362856, 0.0714123826390483],
  [0.0990463103489134, -0.1334470267306165],
  [0.5249017278033881, 0.3370311940577861],
  [0.4478570167207069, -0.0401023669965798],
  [0.2812690699215338, 0.3799197627393069],
  [-0.3747200191540723, 0.5928918130040478],
  [-0.4228696874521786, 0.0354459239746250],
  [0.0190651022040377, -0.5457525744446011],
  [-0.1095907684369559, 0.8358063065338366],
  [0.3614442101976688, 0.1728645592809281],
  [-0.5518505539365949, 0.4302340800394294],
  [0.4755249303394566, -0.8795609283952120],
  [-0.3135487726031123, 0.9492935905340292],
  [0.7428217078361031, 0.3868229140420099],
  [0.0765073927837686, 0.2043427069532269],
  [-0.2313066588193499, -0.0929037961759702],
  [-0.0503540011016981, -0.3941798835735551],
  [-0.4755617902714441, 0.2657983593872557],
  [-0.1126880855534561, 0.6256945309561048],
  [0.1254868599395959, -0.7734510095929216],
  [0.1603989249339922, -0.0978243572402085],
  [-0.5060416683760995, 0.7628391545750791],
  [-0.0570084576536289, -0.7055498218700397],
  [-0.4128798709822384, 0.7343329647935575],
  [-0.9782193371279527, 0.2072599230024448],
  [-0.2399504995607649, -0.2617633709055357],
  [-0.8953553520117982, -0.0102591296949072],
  [-0.6278814501308073, 0.5699293491933903],
  [0.1335011110020256, 0.4538728204568327],
  [0.3352312962981432, 0.2676632717753726],
  [0.2276416125879751, 0.4167663652545542],
  [0.4806774835239431, -0.3944630390380851],
  [-0.0047250436898665, 0.5688439402411052],
  [0.6641505153581005, -0.0037689965861067],
  [-0.1026966581753542, 0.9946602376478256],
  [-0.4306290970017738, 0.3307979400584899],
  [0.3321544064343895, -0.4210671308228449],
  [-0.4521814240195600, 0.4197412983748826],
  [0.2146425397940105, -0.6510216956496174],
  [-0.1861045681837308, 0.9820872336047234],
  [-0.0124107321292405, -0.8633773280943855],
  [0.5460285668058950, -0.8336658604377613],
  [-0.5084935222163676, 0.0667599370617446],
  [-0.0636115357221298, 0.2950946397266381],
  [-0.3474595432950983, -0.1405767883558667],
  [0.0427075511110785, -0.6353556121023620],
  [0.2430434777236206, 0.0045150262204780],
  [-0.0214202567701238, -0.1257733277920709],
  [0.0850724580614912, 0.5722539534968093],
  [-0.4414778555981001, 0.1394815823830400],
  [0.8713265322770573, -0.4906912050319467],
  [0.6008424543623965, -0.5960122603798064],
  [-0.4651813312571952, -0.8832312020356213],
  [0.3956646669577005, 0.8008062009708594],
  [0.5099303121170559, 0.5710176848526256],
  [-0.8535674853821055, -0.5207322162398592],
  [0.0774331742792786, 0.0006443763944611],
  [0.8317707377260923, -0.2719564827127348],
  [0.2367993207935483, -0.3497316800541083],
  [0.3810586915820179, -0.6663049152033330],
  [-0.1473135161873048, 0.0034514698768819],
  [0.3892444385401574, 0.0790274720512085],
  [-0.0916344359961940, -0.5308922636235732],
  [0.1960902643080490, -0.0793109117166354],
  [0.1694648497206415, -0.0120163710109946],
  [-0.3383754737697516, -0.7674660163382216],
  [0.4223704627233414, -0.7058916036869214],
  [-0.2135357461731049, 0.4733435300845202],
  [0.5854931861198703, 0.5746537529306126],
  [0.3938968628603886, 0.6058395351406778],
  [-0.6381396204283830, -0.0566635271595911],
  [0.5237633291478028, -0.0979207436763545],
  [0.2841417196824113, 0.1201652642181523],
  [0.0506951664417570, 0.4576131825708438],
  [0.2373702048005891, -0.3081050361378911],
  [0.1825146357921663, 0.9832031365499466],
  [-0.1381452135453346, -0.3771030231209963],
  [-0.2201142545487211, 0.0917457139526627],
  [0.2152326386958393, 0.7840527584505549],
  [0.1164055136215928, 0.0829905009781203],
  [0.4847269477562019, 0.1591725178932020],
  [0.2007357796161133, -0.4865530861830517],
  [0.0627570431571566, 0.9980288340194239],
  [0.4274203209575169, 0.5492289032940106],
  [-0.6470090176138518, 0.0941521236242660],
  [0.0240724908927538, -0.2367509693874113],
  [-0.0448833560798664, 0.5309214705266148],
  [0.2484462718107727, -0.4564168951993354],
  [-0.2472133641849040, 0.5825998678650800],
  [-0.2992181932120809, -0.1024930151618916],
  [0.4474612153145137, 0.1432256138662168],
  [-0.1402550200766576, 0.1623812261639754],
  [0.3593404304792851, -0.7463782588403776],
  [0.9862229136510400, 0.1654217778578548],
  [0.0299497446890291, 0.0984802729331780],
  [-0.9363024566259914, 0.2353563273100308],
  [-0.3890176867309715, -0.1068484428499787],
  [-0.2492979021519639, -0.5772861867510681],
  [-0.1649728011256547, -0.3466015648893826],
  [-0.8621002257116255, -0.4802347483673991],
  [0.0829663127685450, -0.3859212559471437],
  [-0.2638222260275007, 0.2948865857231356],
  [0.4026673519650434, -0.3421479004887217],
  [0.1585201712729553, 0.5476908369550650],
  [0.8322548546705564, 0.5449359550146741],
  [-0.0668234182429847, -0.3219201843369088],
  [0.2952591925345401, 0.2647382867305789],
  [0.6901836782702567, -0.3047972148290309],
  [-0.0272335502346233, 0.4926807759260879],
  [0.4669721375887493, 0.8841017502371414],
  [0.3142316165882413, 0.1985957935755458],
  [0.0689924261684002, 0.0892261321934904],
  [-0.9021969796307749, 0.4264940414450621],
  [-0.1755188978390554, -0.1345158501645881],
  [0.1304492925746179, 0.1555257838389269],
  [-0.0847944751834248, -0.8808472419588651],
  [0.5159898560824102, -0.2014414276705785],
  [-0.8256329315537883, 0.3288937919417446],
  [0.0238497946743212, -0.1738396257788842],
  [0.5259783333609416, 0.0130038235326305],
  [-0.3887770223103890, -0.0588829128211012]
]
