[
  [-0.9002458037487412, 0.4351753091093639],
  [0.2611420402348048, -0.0659089324393888],
  [0.1419963826056233, -0.6306838352290196],
  [-0.1070995592151698, 0.3921817742219186],
  [-0.5532193344757674, -0.2448919777308555],
  [0.7247784657769831, -0.3415317203262881],
  [-0.4431354716235677, 0.6233422761954442],
  [0.0294855628309082, 0.5866807021478447],
  [0.0438117713360380, -0.6839057966698302],
  [-0.7816007067146584, -0.1920225543166435],
  [0.2554080733282759, 0.6132642029073724],
  [-0.3886774548353580, 0.5341171376333198],
  [-0.7277985841686448, 0.6857363121479485],
  [0.0509545440659113, -0.5624950482464565],
  [-0.1138554362369702, -0.0132938304488647],
  [-0.2305850662852609, 0.1024579902882176],
  [0.9955393596274897, 0.0943471432131773],
  [0.0915571172346391, 0.0925648780563040],
  [0.7691137288398368, 0.3971222948475647],
  [0.2164499448062263, -0.6072337895225921],
  [-0.5319170328713402, -0.5504259808337997],
  [-0.9290679662816035, 0.3697101832450504],
  [-0.0128732242939218, 0.4029896470724847],
  [0.9838558078198145, 0.1789629833770668],
  [-0.8759408522352312, -0.4822622320225265],
  [-0.4297905712963225, -0.2096626459712380],
  [-0.0433397896453304, -0.3653595458689392],
  [0.7254185673208028, 0.2515675462962778],
  [0.2695646241483297, -0.1877517904342109],
  [-0.6512590443842627, 0.2244962056306919],
  [-0.3042969695720683, -0.3650502032194073],
  [-0.3584087456313855, -0.6097990969573555],
  [0.1978539230866285, 0.2980876031694328],
  [0.7137892786984834, -0.7003253336657388],
  [0.3826055175125967, 0.3727604626133897],
  [-0.9398447972150483, -0.3416017522610281],
  [0.2909213246905664, -0.5237595838195468],
  [0.0441011370427967, 0.6933066232956088],
  [0.0777983619549262, -0.9968993914393653],
  [-0.9992573042194570, 0.0360319035817169],
  [0.6494917242122956, -0.7603686607033062],
  [0.6457761698117251, -0.4207721662065347],
  [-0.8667715439543782, 0.4986329031384151],
  [-0.2789280512753860, 0.5222095559596471],
  [-0.9791227594315460, -0.2032698255107110],
  [0.2888970422450871, 0.2439329962479719],
  [-0.2977987863742107, 0.4255591635785282],
  [0.1319077142418095, 0.5383338719224943],
  [0.3035691651570800, 0.3153031051575277],
  [-0.1365527394439252, -0.1440347332003222],
  [0.8908393005372880, -0.4541183979555413],
  [0.3633496636610186, 0.9315761398745812],
  [-0.2717282386500002, -0.6464419881599964],
  [-0.9084081855703753, -0.4180831678572883],
  [0.3171891608705619, -0.2577229034794830],
  [0.7842076889493101, 0.6204984161613334],
  [-0.0522635700826320, -0.1195313641704386],
  [-0.1862399040314978, 0.3477431605582347],
  [-0.3443165040081393, 0.9388172877788707],
  [-0.1709969839733597, 0.9852407325601718],
  [-0.4473509332868075, 0.3619393738522526],
  [0.5951124879105646, 0.2354067584349247],
  [-0.2110289303110548, -0.2338439965270333],
  [0.8298060579030265, 0.5580395010791468],
  [-0.6219016971239900, 0.1169981834093890],
  [-0.1643235459262016, 0.0570623829928647],
  [-0.5393722881018177, 0.1595019539517344],
  [-0.9305071873597500, 0.2344636661618621],
  [0.6257765397758123, -0.2695379417324781],
  [0.6499356234470873, 0.1477963152321479],
  [0.0919059062308119, -0.4751837047894230],
  [-0.7763961107681648, 0.6302452532023287],
  [0.7012535080132881, -0.0111951531576190],
  [-0.0596228644521717, 0.7568259462002676],
  [-0.4571571598256944, -0.4163676195860894],
  [0.1153835269027705, 0.7918665910651065],
  [0.1550614996536135, 0.0420109636276923],
  [0.0354523067100940, 0.9993117302935328],
  [-0.5726602584901910, 0.7236005105257406],
  [0.2959940173632219, 0.5482299144367101],
  [-0.3124847527913327, 0.2567434387170216],
  [0.0199286786364093, -0.2309219831967264],
  [0.5940003817667185, 0.8044303050204390],
  [-0.3734945595155332, -0.0148250941467252],
  [-0.0156053063344215, -0.7925409051525499],
  [0.0007449209790081, 0.9321699685939451],
  [0.4488430688184986, 0.8935296716244340],
  [-0.3154110101889374, 0.3512273878304143],
  [0.2778763600002371, 0.9605505179731815],
  [0.9160969640914169, -0.3872328255626551],
  [-0.0653867465309440, -0.9978076369431323],
  [0.2042632275176007, 0.4799557199391010],
  [-0.2330913359888045, -0.9724272484385230],
  [-0.0853000028193583, 0.0697621523554046],
  [-0.2328500870975854, 0.1739320939394579],
  [-0.3422043813135492, -0.7249887074900133],
  [0.1218666041003717, 0.9924661417134413],
  [-0.0723175845711879, 0.9973381422935376],
  [-0.1353800720044481, -0.5595247958420284],
  [-0.3759428463511534, 0.1200186573457566],
  [-0.5409222729923086, 0.2785399237003506],
  [0.1169529788190293, -0.7816298939653770],
  [0.1493281962132874, -0.2993249112171620],
  [-0.1320821533560483, -0.8861405372666771],
  [0.1704772840126606, 0.2157980136760878],
  [0.9738028570454327, -0.2273741722239594],
  [-0.3692306813263678, -0.9293142987095030],
  [-0.2559538798226788, 0.9665861136044184],
  [-0.1797767859468175, -0.6210717755746912],
  [0.9999338331057982, 0.0112602673908885],
  [0.4539721125204231, -0.7355368578938789],
  [0.3206971081362939, 0.1795246398742674],
  [0.4134895885807549, 0.2939512861983211],
  [-0.5586486298840275, -0.8293716452289828],
  [0.4354020091559449, -0.1446958293280749],
  [0.0940111167729710, 0.2562703828673436],
  [0.6097530087074822, 0.4521801655066333],
  [0.4473865322758763, 0.4786071048815069],
  [-0.1660165195501866, 0.6320528497287314],
  [0.1903163190011082, 0.1466743333947859],
  [-0.7531527912469033, -0.6578194243899987],
  [0.5188323098559476, 0.8548203943917095],
  [-0.5423169699899201, 0.8401739724967396],
  [0.5767446633554101, -0.6060633356983074],
  [-0.0522403496569681, 0.1556365208589898],
  [0.6682876032906677, 0.3557624750053063],
  [0.4422391648379853, -0.8967432128757039],
  [-0.1381719980561108, 0.2525016908022066],
  [-0.2858219434512496, 0.6233349088429903],
  [0.3622019661593982, 0.5006881249307024],
  [0.9465821104920370, 0.3224628786332481],
  [-0.1138282318348519, -0.2296321333790580],
  [0.3541352089513543, -0.0517752057075234],
  [-0.7410297124118355, 0.0472887998154983],
  [0.0910853636092952, 0.4389214069375337],
  [0.8232740184184024, 0.0330528598084304],
  [0.2645745668058254, 0.4215786545009059],
  [0.2671088428922413, -0.4014675214244331],
  [-0.2923128204825863, -0.1874195725681395],
  [0.5306149327106486, 0.3030641072339507],
  [0.2310431960986845, 0.7393802631427125],
  [-0.0461697496620964, -0.5882727039950165],
  [-0.7227603422058713, 0.3051701514995668],
  [-0.4141549938949753, 0.4444421379860849],
  [0.5417341488017620, 0.0019005652289558],
  [-0.0874276266032181, 0.5318672723965919],
  [0.0879576333684411, 0.3545076383662625],
  [-0.7470411307655599, 0.1674070340712855],
  [0.1478667395474456, 0.6619357728681503],
  [-0.2215054662740852, 0.2645538286705841],
  [0.3650768438716046, -0.4748340879490420],
  [0.9161826123648306, 0.4007610520002594],
  [0.5835999769196228, -0.8120412963263725],
  [-0.0850317019836651, -0.7030164247894205],
  [0.5289580476379453, -0.2641705106311997],
  [0.2308369901829158, -0.2879907970847121],
  [0.5683737177604690, 0.6968288836222846],
  [0.3307744996891998, -0.6264541859153694],
  [0.1239917164528462, -0.1405991111082857],
  [0.9504714020863697, -0.3106174334274003],
  [0.3344518778137416, -0.3458542289564974],
  [0.9600900123897307, 0.2465887960052724],
  [0.4581197374540897, -0.5884779521672743],
  [0.0064221783478691, -0.9999202393277787],
  [0.0762727219375566, -0.3684888544171678],
  [0.4323590586117724, -0.2412517050320331],
  [0.3191366937019957, 0.8379975830605116],
  [0.6278438728625713, -0.0729874995690543],
  [0.9979255268478663, -0.0628053495489198],
  [0.8482403723137533, -0.5295322096059614],
  [-0.7983193002480162, -0.6022260024788728],
  [0.0209328145456128, 0.1065339687643107],
  [-0.4681562118132962, -0.6803284954159543],
  [-0.0656647471726846, -0.4738748978722490],
  [-0.0034638577246013, -0.2985159712470406],
  [-0.0818525107038401, 0.3087556223027917],
  [-0.7654676618185837, 0.4545306956643273],
  [0.9882110130652695, -0.1528146403419150],
  [-0.1371486690819560, -0.3929953004026143],
  [0.2464439916860105, 0.0144466673435780],
  [0.2575115927989469, 0.1092944353984281],
  [-0.9923436927553395, -0.1235070663917502],
  [0.6043990135957302, 0.0708124724324947],
  [-0.1303098428983170, 0.8867742578875052],
  [0.0034941204850742, 0.4891244602555479],
  [0.3140641689625739, 0.0456300268409691],
  [-0.2313222594443125, 0.0144414166285644],
  [-0.1641190635489007, 0.5158381126742693],
  [0.8751651623683052, 0.4837741114998955],
  [-0.9826804969102524, 0.1852445033720975],
  [0.4240305082767173, -0.0180490698568070],
  [0.1732683737657444, -0.4906864296097826],
  [0.7320926155240564, 0.6811846205448071],
  [-0.5887712056662733, -0.1590769404874849],
  [0.4339502113062774, 0.2107704497138403],
  [-0.5148565324639518, 0.5100101408489286],
  [-0.1995308722908596, 0.4259710033926942],
  [0.5837754749172953, 0.5454774201732810],
  [0.4977025292226449, 0.1638244899401006],
  [-0.7553764417110347, -0.0757974535238185],
  [0.5289801908173840, -0.3598157735865927],
  [-0.4776366249694997, 0.8783206287649837],
  [-0.4520964028855637, 0.2053115964679018],
  [-0.0284757458735818, 0.2379671185478349],
  [0.0143373477960655, 0.0332275181097007],
  [0.8200804111707373, -0.2597084305618508],
  [0.0095342871755438, -0.4491206092648997],
  [-0.2249433505440790, -0.3890033867421611],
  [-0.4979748287302901, -0.8671534022163333],
  [0.1888147786321638, -0.0930263205196998],
  [0.4526227518523129, -0.4554318475916719],
  [-0.6507867977917882, 0.5360809197669030],
  [0.1759270215692111, -0.4070916669169355],
  [0.8046363533851980, -0.5937094537366183],
  [-0.4347145793669771, -0.9005280966464513],
  [-0.3378603526043144, 0.1853739699965497],
  [-0.6165556288866373, -0.7872727564730184],
  [0.5561046623958289, -0.1603327836561878],
  [0.0524930927445378, -0.0452183490625108],
  [0.0696325071283329, 0.1765853618566004],
  [0.3671503781543971, -0.9301240283332866],
  [0.4970513510678325, -0.0776303492261677],
  [-0.8380789315935966, -0.3331911338579399],
  [-0.1919414051565720, -0.4826141858178993],
  [-0.1275194951365141, 0.1568902963513364],
  [-0.1665450295065451, -0.0788346703034709],
  [-0.6179704500939446, 0.0141295304380149],
  [-0.0568900452773308, 0.6437705651112900],
  [0.7615033432000835, 0.1391264197562981],
  [-0.9993519997001822, -0.0359941758517517],
  [-0.6827980476775145, -0.6704693620112769],
  [-0.6800658624623934, -0.2474307254049348],
  [-0.7053705283939968, -0.5096300965101649],
  [-0.0390290146901686, -0.1901408008239311],
  [-0.6769547141026312, 0.7360246701396800],
  [-0.4145904570354699, -0.1009609161782144],
  [0.4164508081290316, 0.7359207043507013],
  [0.1245049537624417, -0.0229878844740863],
  [-0.4130267698439771, 0.2661449885449033],
  [-0.2133431970898463, -0.7801389012905975],
  [-0.4217572406237541, -0.3102569841860382],
  [0.3466607387087861, -0.7809434621925926],
  [-0.8393326627678710, -0.5436181391482399],
  [0.5080026825456824, -0.8612026764580092],
  [0.5136304405554016, 0.4063686305216768],
  [-0.0410044750363741, -0.0281794520026590],
  [-0.9620351626383794, -0.2729255316883099],
  [-0.2129139578814203, 0.7397338957240832],
  [-0.3635642301334424, -0.2537688251867152],
  [0.5714491702260437, -0.4961529185360791],
  [0.3818849027956492, 0.0944767591255579],
  [0.1020432549593113, -0.2376861853693681],
  [-0.5135343123468726, -0.3235788369071077],
  [-0.6112664951944954, 0.7914248365149010],
  [-0.9172624510805620, -0.1088643675045206],
  [0.1489164956961991, -0.9887843451372026],
  [-0.6484785144326326, -0.0827140472355871],
  [-0.4136678985972383, 0.9102538194893065],
  [-0.9531497872204905, 0.3023498098467774],
  [0.6665436147047495, 0.7454330528763471],
  [-0.2964185970484653, -0.0376755603725813],
  [-0.2309458061160644, -0.1099499042684619],
  [0.0153177856347305, 0.3150121416079905],
  [0.2193237779164058, -0.9756257321111222],
  [0.7010481979701213, -0.1644885261022683],
  [0.4130108082188096, -0.3416271159166160],
  [-0.4923774705662926, -0.1400144873503851],
  [0.7856791208510764, -0.0949467351924009],
  [0.3403520672301531, -0.1475472231815108],
  [-0.2885757654915702, -0.5054268413025492],
  [0.1946828769808183, 0.9807864557835221],
  [0.1869891792088249, -0.1884345620577872],
  [-0.8211922581369641, 0.5706516233008662],
  [-0.5851409376365585, -0.4392965694850298],
  [-0.5325934285603497, -0.0438571896757187],
  [-0.3314770774964339, 0.0554576380701219],
  [0.4687648434102945, 0.0726257627180755],
  [-0.9933742805427227, 0.1143218590178549],
  [-0.2520699503377849, -0.2924199197478119],
  [0.2177393618340129, -0.7326162571699117],
  [0.1839633636701356, 0.3706862125197788],
  [-0.4725159588428038, 0.0146878538231280],
  [-0.6525216283882799, -0.3475595159318750],
  [0.2885483047396622, -0.9573584535478640],
  [-0.5452527269033070, 0.4035949129177444],
  [-0.3580039730678340, 0.6950645076872829],
  [-0.4393619021256964, -0.5318986978112749],
  [-0.3620484329124831, -0.4300902098339133],
  [-0.1565005136204194, -0.9876363060277360],
  [0.4302758138608744, 0.5941668279241046],
  [-0.3353484055311089, -0.1274191247399964],
  [-0.2647561212070645, 0.8549732425764026],
  [-0.8824755129401548, 0.0847664269181123],
  [0.7431608588416022, -0.6340454166318681],
  [-0.1276536976544009, -0.3020190355458711],
  [-0.6713149709596192, -0.7411328577581632],
  [0.0472034303990358, -0.1331986869625653],
  [-0.6302367720385968, 0.3678237013868129],
  [-0.3019435272151431, -0.9533106147782364],
  [-0.4917180944093071, 0.0985107362779630]
]
