[
  [0.5776895363212248, 0.6478719225996027],
  [-0.4829700934341847, -0.0804079734193565],
  [-0.6996883469202491, -0.2186837542453068],
  [0.5486502120421159, 0.1493069441150014],
  [0.0903070161507905, 0.4646744547617478],
  [-0.3098219653121025, -0.2855739585853252],
  [-0.0659893068004893, -0.0543157673917148],
  [0.5857229981072141, 0.0582043546025087],
  [-0.1033818255206264, -0.3067705758368542],
  [0.1635230017854252, -0.3751822323305077],
  [-0.2478832722177169, -0.4439591321255777],
  [0.3374138221857117, -0.8746553337757126],
  [-0.1274518077267717, 0.4061844783511742],
  [0.5280034222079230, -0.5930650971672802],
  [-0.0280724402172470, 0.0283929944891058],
  [-0.4194809690038532, 0.6265830040014109],
  [-0.8614165688576804, 0.3783058697444617],
  [-0.4622188210426145, 0.3834245364631613],
  [0.4034994270239457, 0.4353899568687835],
  [0.3893804759773021, -0.2844078439650207],
  [-0.2187049159857783, -0.5968674673946217],
  [-0.0424168679002617, 0.1865487118921171],
  [-0.9339672832960443, -0.1528110960490686],
  [-0.2115966534454433, 0.0097857414378629],
  [0.2259035265028495, -0.1977546649174498],
  [-0.1284494430117766, -0.7636708140777647],
  [0.8603521117621497, 0.0976382220772260],
  [0.6202486687702695, -0.2907165072486853],
  [0.3330131257829218, -0.1613913695604233],
  [-0.4771801932116694, 0.4865845011135762],
  [-0.4509639471978599, -0.6292378969024520],
  [-0.0735589487625955, -0.4881390283717465],
  [0.1536476720327482, 0.0461677603643935],
  [-0.1946465340948001, -0.1463776517482923],
  [-0.2114922402364335, 0.3566898856302453],
  [0.1959940651191352, -0.6167141661535367],
  [-0.5827521106585920, -0.0641982472976307],
  [-0.1792011833278323, 0.2679155888777039],
  [0.2888343383724024, -0.5434157649015825],
  [0.6401393936135856, -0.6950282877593827],
  [0.6007342080355277, -0.1370328933358710],
  [0.0951451657009672, -0.4419419829855780],
  [0.2648262915181449, -0.1004818559546074],
  [-0.0099766079819718, -0.2936359533864369],
  [-0.2887942951750253, -0.7776938173975295],
  [0.4337624351797786, -0.4460771808078738],
  [-0.5498882439255904, -0.4113119642296565],
  [0.7156771791688357, 0.3664811526999052],
  [0.3439354962223711, 0.2610751943619807],
  [0.4442712025884267, 0.1036185650619993],
  [-0.7370328609645298, 0.2733694471084726],
  [-0.2694242599550909, 0.2858465468278392],
  [-0.2242640445940823, 0.7030948902189403],
  [-0.5656487111457765, 0.0867774272912757],
  [-0.1038993502241017, -0.1369981169467691],
  [-0.8254059737221011, -0.2898634040635515],
  [-0.3276186036590036, -0.4954065297228404],
  [-0.3758716536015456, -0.1933254880865801],
  [-0.0131997484814577, -0.1283248017191591],
  [0.5232950291243548, -0.2438327770920837],
  [0.2731757578431315, 0.5814735427848978],
  [0.8786361755748715, -0.2670172603180431],
  [-0.4481727367490266, -0.3990253853586899],
  [-0.1663433295857798, -0.9155616265098163],
  [0.0625523668420447, 0.0371613416717405],
  [0.1434349840182252, 0.2071904033897308],
  [-0.1956653002293895, -0.3230711952434989],
  [-0.7081407188263896, -0.4044904099067118],
  [-0.2647038441842015, 0.0921401221887380],
  [0.3530457196871317, 0.0729075277453402],
  [-0.0418696104210117, 0.4461925409494997],
  [0.2262467890234607, 0.2487984025838338],
  [-0.5998660353649097, -0.3056713118441242],
  [-0.0011374143242671, -0.8912594970793245],
  [-0.4713018664312486, -0.1709288687419629],
  [0.0781627130041834, 0.6845523498091923],
  [0.0582867449029956, 0.3717069287141889],
  [0.3919330564815235, -0.5673304582019033],
  [-0.4229092804779483, 0.1930442160670384],
  [0.1011508410792383, 0.1215975245280262],
  [-0.5826311562404655, -0.5385377033071290],
  [0.7326682878197969, 0.0003461606339078],
  [0.4505901973679411, 0.7674368389691086],
  [0.2992340479650265, -0.0162775491406605],
  [-0.3242763917087063, 0.1626638683502216],
  [-0.7840443166539826, -0.0959214520954825],
  [-0.7443811954381593, -0.5868265419505504],
  [-0.2343913859686902, 0.1809272731726543],
  [0.6960122038827772, 0.1748909457821177],
  [-0.0507464386372981, 0.3556887214180234],
  [0.2372665427940918, -0.4421243298086630],
  [0.2775962065546942, 0.3243346970042071],
  [-0.3686786401445102, 0.0776417457077994],
  [0.5871549158314718, -0.4390914799965634],
  [-0.3485217467533568, -0.0990795788188506],
  [0.3273111745799624, -0.4092441105391399],
  [0.3984665653221012, 0.1833121976824444],
  [0.4632032292390701, -0.3584919605206202],
  [0.1810224443934474, -0.7684110122715104],
  [0.3023070955754547, -0.2484862009873444],
  [0.1963420297801392, 0.1326934941935407],
  [-0.0576383239627637, 0.5942122230574360],
  [0.0126062401741903, 0.2821218741806443],
  [0.1038644762565801, 0.2910648686189261],
  [0.7063658011051414, -0.5347709453207763],
  [0.6872641614162479, 0.5219138080660666],
  [0.0785498092134137, -0.6375317981582803],
  [0.2615835353151509, 0.0677347925599912],
  [-0.4561421682778607, -0.7922466600122361],
  [-0.2861771717531220, 0.5708850154879236],
  [-0.3108410727520295, -0.3773018866486106],
  [0.1669084685049555, -0.9158139775555355],
  [0.2849973671727422, 0.1562661396927817],
  [-0.7529038740714439, 0.4929575832937653],
  [0.0173572435955449, -0.4900838895142519],
  [-0.3318892412035871, 0.3767372741770370],
  [-0.3617510689205009, 0.7794793083412493],
  [0.1159712224523563, -0.0370626815238629],
  [-0.0450719437965518, -0.3780041011549948],
  [-0.5795000974786111, 0.2667819655551375],
  [0.1390937982543902, -0.5225056875198972],
  [0.2763780980245341, 0.7422909881010733],
  [-0.0233412367113353, -0.6002329333785587],
  [-0.4742895832084189, 0.1173926859418645],
  [0.5837461069589250, 0.3085755981651123],
  [0.5996440727025447, -0.0458937197984602],
  [-0.2878430987060501, -0.1678054043243228],
  [0.4312095512432945, -0.1907384677361806],
  [-0.6057510235795703, -0.7078331686981333],
  [0.0100831840559879, 0.1116025193374136],
  [-0.5999986697327759, 0.5815192495840072],
  [-0.7677852720866275, 0.0925059431935829],
  [-0.1513807570716502, 0.5601336403771876],
  [-0.2314497155495377, -0.2392938402842800],
  [-0.0510234196518403, -0.2114825850092005],
  [0.0517065361851080, 0.1995923294202456],
  [0.1690289512387539, -0.1112499414077289],
  [0.0246638468630498, -0.0456637101254100],
  [0.4731556695225958, -0.7463084296914687],
  [-0.2582959700032566, -0.0804689141691279],
  [-0.3679600069381583, 0.2773069794169410],
  [0.8868708891150999, -0.0839210561122364],
  [-0.4206691048898378, -0.5036201966510905],
  [0.3250739443495883, -0.7040700338492450],
  [-0.4883439028711439, 0.2736131443639033],
  [-0.4841991981578152, -0.2624707651717758],
  [-0.1569624870075171, -0.0631736542784668],
  [-0.0069661577861802, 0.8912863720789740],
  [-0.3994024698948486, -0.3013691528118708],
  [0.1914715544011411, 0.3550259477000024],
  [-0.4777708105830575, 0.0261627362836958],
  [0.3764192461627439, -0.0657076722560168],
  [0.5398707850149057, 0.4631004663747914],
  [0.0314306242749811, -0.7484869631348262],
  [-0.1997780870816364, 0.4622529170747922],
  [-0.1420316814873076, -0.2213341132830526],
  [-0.6281506961724668, 0.4072843975749579],
  [-0.1628933466833311, -0.5090001766351541],
  [0.8343528696014494, 0.2523323783107492],
  [-0.1188300759254335, 0.0196593360431686],
  [-0.3092135188566427, -0.6369198548500504],
  [-0.8772133991750862, 0.1929596215529534],
  [0.1788913036915445, -0.2783894635355091],
  [-0.9082597462460661, 0.0154748938886253],
  [0.1364685572012480, 0.8214513885421529],
  [0.0779353791864979, -0.1199122049162344],
  [-0.4014602303556283, -0.0240735627743037],
  [0.4221801619054517, 0.3389185349412958],
  [-0.3031752197229513, 0.0088805265475891],
  [-0.0809203718854154, 0.1027852723044557],
  [-0.1513134522560870, -0.4032699217671338],
  [-0.5375852828768978, 0.7413142323118208],
  [-0.8790033216360563, -0.4570311666657332],
  [-0.1344080518179561, 0.1873456000699259],
  [0.7440980233024314, -0.1764505541534502],
  [0.2085092431845494, -0.0289338659745675],
  [0.5032182074983530, 0.2450292280713253],
  [0.0400854286191290, -0.2032507658539347],
  [0.2682532884491836, -0.3383604052580276],
  [0.4573537414978419, -0.0070176230425681],
  [-0.6597405345347455, -0.0068616120779449],
  [0.3117694773461396, 0.4686504140197054],
  [0.7463004920382952, -0.3730784028443958],
  [-0.6005107632689554, -0.1668644099420501],
  [0.1668493718269626, 0.5947431340666002],
  [0.0482905833485899, -0.3635929999260362],
  [0.0876594865864627, -0.2811115218291321],
  [0.4191496698982388, 0.6017367199723078],
  [-0.3244673611671015, 0.4709996395452403],
  [-0.1726614835713332, 0.0934101347943085],
  [-0.6355506957957956, 0.1607282991243421],
  [-0.0656665705783328, 0.7403024529722411],
  [-0.1254909492203247, -0.6452092042212417],
  [0.2009293725699530, 0.4478106175762518],
  [0.0353507917511115, 0.5383972931843581],
  [0.1310058777585466, -0.2003958320026282],
  [0.4717358224507301, -0.0971151275143313],
  [-0.3389584522923550, -0.9272153752104573],
  [-0.0880812186340838, 0.2660763835260239],
  [-0.1816759569208393, 0.8756534549682398]
]
