[
  [-0.1914694274499848, 0.1926546100363725],
  [0.7958551861917508, -0.3618306483209675],
  [-0.1014929064087504, 0.0353233801438020],
  [0.4921782404726034, 0.8609854392373847],
  [-0.1636545910693853, 0.3228363945151840],
  [-0.8190154211093649, 0.5727273066923119],
  [-0.6602300929985425, 0.2394333238165939],
  [0.2516578267692406, 0.0659337858524368],
  [-0.2756192162294572, -0.3787769182606512],
  [-0.9187181352630087, -0.3947187666479082],
  [0.6568536860156462, 0.2651531126063991],
  [0.9663609880675667, 0.2562983156408760],
  [-0.5893712350537571, -0.0333015330641230],
  [0.2461865262845381, 0.5607255942327535],
  [0.3967289360578993, 0.9156600464368875],
  [-0.2652422368697663, 0.2523451151691423],
  [0.0735055461475382, -0.2826634290766383],
  [0.2175833423721330, -0.1066708945420956],
  [0.5748778516887993, 0.0719898968910333],
  [-0.5404511042886579, -0.4947328371567057],
  [0.5495842869197867, 0.5432884898381162],
  [-0.5586048014865864, -0.0945862994478849],
  [-0.3043246765407169, -0.9523348848052403],
  [0.5178766971161096, 0.1023359394731054],
  [0.2217971361655084, -0.2167571409906172],
  [-0.2127242950171082, 0.0557139452720079],
  [0.3114904039858014, -0.1577727960420468],
  [-0.1562140735213169, 0.0704376893330402],
  [-0.3959125690811252, -0.3554962932491674],
  [-0.3957938245511179, -0.2578689800068683],
  [-0.4549534612873315, -0.8764264185066486],
  [-0.3935799401809072, 0.1141638059107035],
  [0.3376962741798005, -0.2420119126528512],
  [-0.2085018131759679, 0.2705097748228035],
  [0.4452584045731643, -0.8909514368659717],
  [0.5034112321455482, -0.0822601519615713],
  [0.4118635080929908, -0.0565817910862535],
  [-0.0037012316181961, 0.0615083189217796],
  [0.0854649116275871, 0.2521552628015264],
  [-0.6206248971346647, 0.1571835234142528],
  [0.2466338945458550, 0.2641779581060473],
  [0.8899144273440927, -0.0903179927689384],
  [-0.4874406001504888, -0.3787349988439495],
  [0.4122858002540767, 0.4610818037870091],
  [0.6893621070172806, -0.0280837046031225],
  [0.2699899278755250, -0.6085681014876539],
  [-0.2705102673498150, 0.0517057060883265],
  [-0.1952938552096840, 0.0028989809792678],
  [0.1995116835724373, -0.0010910420232444],
  [-0.7883785441116232, -0.2343157323916099],
  [-0.1675203025943098, 0.1352551416503136],
  [-0.3040812928472170, -0.0912905682074082],
  [-0.2346174924141319, -0.1952581646761253],
  [-0.9843003485270774, -0.1755918532901928],
  [-0.2891797773299313, 0.3026587720554899],
  [0.7939045162593775, -0.1718394998013638],
  [-0.2688701658212436, -0.6303705753347919],
  [-0.1049451854592054, 0.2684312694473828],
  [-0.5311554150436975, -0.1767925772904370],
  [0.1399669388416093, 0.2409325594806282],
  [-0.3830291878988952, 0.1881110807362287],
  [-0.6157372063358419, -0.2659390706886178],
  [0.3074733862362912, 0.9200973157332231],
  [0.8559644047375151, 0.2017889329665524],
  [-0.1478774474763923, 0.4256371989996750],
  [-0.1326833808976024, -0.8261241465460037],
  [-0.2731221950139106, -0.2363633449858684],
  [-0.0397092291062490, -0.3119536999509133],
  [-0.4394718209621470, -0.2232912573297769],
  [0.8455468913355548, -0.0017989621119727],
  [0.1733333976485710, -0.4626924941230451],
  [-0.5126315235014202, 0.0145765100457197],
  [0.3244192253723399, 0.4588994296804744],
  [-0.4319740562294589, -0.1586794191845026],
  [-0.1977535652399829, -0.7337580885387645],
  [0.4467561451670862, 0.1534590680888678],
  [-0.1151492413416433, 0.1552737008886648],
  [0.7310841665733945, -0.2593574742681464],
  [-0.5518904924088139, 0.5664537682443754],
  [0.1570483056706173, -0.7542604522851593],
  [0.5563029934198486, 0.3053450409167024],
  [0.7571383609644229, -0.4464463860737682],
  [-0.2166356844222732, -0.5326205775905426],
  [-0.1296386756465218, -0.3246021414254505],
  [-0.2419049740853528, -0.0994240954189643],
  [0.3680540913270675, 0.4001905324203864],
  [-0.9714545552764705, 0.2323757929123598],
  [-0.1335092175797276, 0.8170687419201609],
  [-0.5147821085967150, 0.3835752017367797],
  [-0.2330127116824459, 0.1207910411682788],
  [-0.0454157559599148, -0.9987467727218196],
  [0.1935832192668577, 0.0676857316429001],
  [-0.4465182016204872, 0.2712941846575075],
  [0.1093439812632181, -0.5772447881754225],
  [0.2022383422022530, 0.2303113245512807],
  [-0.1194300758934782, -0.4692808559987814],
  [-0.0828586439244408, 0.3265003880480934],
  [-0.4830755835072503, 0.0619505076398352],
  [0.1632848749940716, -0.2409535206777635],
  [0.6410040445954924, -0.4297375494999668],
  [0.2705567949457872, 0.1898681885421751],
  [0.0480938443176192, -0.2286703059578696],
  [-0.5006843019811001, 0.3129428712789874],
  [0.3124602098159675, 0.0031069414024790],
  [0.1267325708703366, -0.3070320907591705],
  [0.5320140954461311, -0.5001249357912272],
  [0.8898933653770481, -0.2012388366017128],
  [0.5947896199442786, 0.1409679195112458],
  [-0.1358736681770785, -0.5229685750702963],
  [0.7441135166784058, -0.6184158355362573],
  [0.1657081232622274, -0.5623398864224837],
  [0.7739867942219458, -0.0734380933318716],
  [0.2880774701462904, -0.2090887073557188],
  [-0.1953141091311925, 0.9732432671488100],
  [0.5685349445136189, -0.2198079292037251],
  [-0.7581720257331801, -0.6517215500190071],
  [0.3845826473914342, -0.2865984243885175],
  [0.2643173936882791, 0.6808116993738735],
  [0.4496646391703374, 0.0969115291187136],
  [-0.2043810109172808, -0.4512479337625832],
  [0.6052150120035836, -0.1561918517755764],
  [0.4060076698328821, -0.2067890364884128],
  [0.0899157013455601, -0.9494130061118866],
  [0.1923061570652113, 0.6237409166464717],
  [-0.0446704613444548, -0.5335692929876832],
  [-0.0471352065633899, -0.4774561895340084],
  [0.2440411189517781, -0.1559149776742356],
  [0.8109871422080221, 0.4026874920491539],
  [-0.1608113850415079, -0.0645329294245955],
  [-0.4362297335513386, 0.7585398954305961],
  [0.0340194768218873, 0.1026449098825497],
  [0.1745106614193391, -0.3899273401175524],
  [0.1419684395730152, -0.0183302744295738],
  [0.2507950588667989, -0.4869313263319598],
  [-0.5408337045284101, -0.6601055819446315],
  [0.7974180417192375, 0.6033999194025405],
  [-0.0389494745428368, 0.5774778424834365],
  [-0.8346284360095418, -0.0482373936662272],
  [-0.1206144587841737, -0.1031647109914467],
  [0.9550793242216477, -0.2963502732313925],
  [0.8956159384184005, 0.1146508847234497],
  [0.1124205893979769, 0.1831931068056556],
  [-0.0036385698638980, -0.6414167116858590],
  [0.0301046995978012, 0.4462105348900156],
  [-0.1371879433524544, 0.6670403915356539],
  [0.1404641234317283, 0.6949738296526541],
  [-0.7721220285436270, 0.2412901970891952],
  [0.3778811796268480, -0.5303967016760565],
  [-0.5895139613620148, 0.0475649266828029],
  [0.3386704652878068, -0.0991345913089822],
  [0.1271683519415128, -0.6725499335870860],
  [0.5293489818722623, 0.1786271989135927],
  [-0.9213288922274175, 0.3859164542668352],
  [-0.4352180191718166, 0.5519592254471916],
  [-0.4553481674217792, 0.2003101431497709],
  [-0.1553996923768730, 0.2377371009273474],
  [-0.3680415093226720, -0.7337868005407728],
  [0.1162963103606527, 0.3590492777318680],
  [0.3695624117176133, -0.1642374952315524],
  [-0.3690383941619177, 0.6607358441131822],
  [-0.6055835865911435, 0.7953072970466752],
  [-0.1047813443770034, 0.0976591533699284],
  [-0.2714257885749599, -0.5234129673122397],
  [0.3074254182088119, -0.9499743090610362],
  [-0.3359059152691481, 0.0858877548732789],
  [-0.8059978521401224, -0.5911977099743150],
  [0.3938423343697758, -0.3671138682336448],
  [0.7337185786447069, 0.3261610510427096],
  [0.2264000309466639, 0.1419810184993198],
  [-0.3138276071915351, 0.0163889728126645],
  [0.1512702250736653, -0.9883900598946734],
  [-0.3445757363740022, 0.5795320508257545],
  [-0.0943573042498470, 0.5530768895014225],
  [0.1543150198637588, 0.4197342556465574],
  [0.0450586637819158, 0.5620647228738019],
  [0.1280320000620014, -0.1716268123455323],
  [-0.5973754697539609, -0.5558162532625295],
  [0.3669780810208986, 0.1098546528027098],
  [-0.1639307300788627, -0.4046566758949207],
  [0.0110028038236242, 0.5170330217983651],
  [-0.3730723766995299, -0.0169410222757137],
  [-0.0479270017808178, -0.1973826632561270],
  [0.0824662210025449, 0.1327907520683064],
  [-0.2110610823301894, -0.9522818219272218],
  [0.0562881754914455, 0.6447743041661477],
  [0.3352310367264854, 0.3489525261532692],
  [0.8001220189479037, 0.1011738590634400],
  [-0.6709844564674122, -0.1187078032957647],
  [0.9056729284066191, 0.4139891085779852],
  [0.3279414065916518, -0.6057436500776689],
  [0.1518361707116890, -0.1036790996885013],
  [0.0252175465915911, 0.2669875579400559],
  [-0.4606389958561972, -0.6885975136647791],
  [0.1159170713352699, 0.7944906321899641],
  [0.9885382692842279, -0.1228126999664773],
  [0.7193862875314941, 0.1500268892540063],
  [-0.0399344496106191, 0.2710671336273343],
  [0.0005946165344006, 0.1487276567718643],
  [-0.0801883636215473, -0.3506689299430090],
  [0.6292191846320473, -0.6306662356083884],
  [0.0247888652453125, 0.8478210307988306],
  [-0.2494812471384116, -0.2955669880582533],
  [0.2290164797728927, -0.3410433446586552],
  [-0.3961447164358825, 0.2947386794267032],
  [0.4088039366955332, -0.1126195131561450],
  [-0.7069123528165753, -0.6921562890550111],
  [0.0910779717528562, -0.5147829772847526],
  [-0.1738307054367970, -0.1196821145186416],
  [0.2760500590841115, 0.1161907074482346],
  [0.6315252630818882, 0.3557077227485611],
  [-0.9996431806555131, -0.0104820743329204],
  [0.2770275164990291, -0.3791523249235532],
  [0.3791400873458682, 0.0548523288326607],
  [0.4851604008246175, -0.1942029095575518],
  [-0.2864297201119894, -0.7017336289421022],
  [0.9096425389308415, -0.3617808183673402],
  [0.1169985976233607, -0.3764464062814880],
  [-0.3276738400948536, 0.1803671521777626],
  [-0.5644843734140186, -0.4057024210623949],
  [0.0286253221228865, -0.4818583360582923],
  [0.8599945894077377, 0.5099171965014003],
  [-0.0077237006582172, 0.2119917567403968],
  [0.7005011529774544, -0.3534772832377804],
  [-0.3006347266734818, 0.7316139078529389],
  [-0.4728810459628343, 0.6270255115842903],
  [0.4008175672122178, 0.0036905355215138],
  [-0.0516251627672685, 0.1685288362501044],
  [0.9456241808914877, 0.0160310114701918],
  [-0.2102494633962240, 0.5503584386618690],
  [0.7557348116431001, 0.2266086668682172],
  [-0.1253477606036882, -0.2558984174867255],
  [-0.6848943750857952, 0.4173782221848866],
  [0.6023982383098684, -0.5322486673427431],
  [-0.1594326548051974, 0.5839811734948936],
  [-0.0437135306297016, 0.3783468784313285],
  [0.5269340663965955, -0.6136274513535929],
  [-0.1846557702871872, -0.2989663606952646],
  [0.0310471308063856, -0.9992858913183730],
  [0.5175770149425455, -0.4170538776320112],
  [0.0329566395448485, 0.7281407728533117],
  [-0.0400477786965375, 0.6573711622564103],
  [0.5777888106042487, -0.3851870084882734],
  [0.7408355708944956, 0.0249066028598429],
  [0.0972668914191168, -0.1163938431722066],
  [-0.3285048705163978, -0.5876724751910810],
  [0.5775666316432067, -0.3148574477609119],
  [0.8121911931949916, -0.5831463927457278],
  [0.4906347870385173, -0.3123325087517271],
  [0.2138383427393048, 0.3090606427868228],
  [-0.2508443460763191, 0.1894892808987652],
  [0.3303695596593395, 0.1682511143679033],
  [0.7025952844799975, -0.5275436850603424],
  [-0.0941103160654479, -0.6545161210028300],
  [-0.0073220289571218, -0.2370879867127791],
  [-0.1894349225422523, -0.2280501691375721],
  [-0.5643782981951329, 0.2555576147153690],
  [-0.2515983202179089, 0.4768256451232953],
  [-0.0189224827337548, -0.4116101729679713],
  [-0.5213010660020190, -0.2346230280501854],
  [-0.4334537523713659, 0.4118692853671090],
  [-0.0783189677791122, -0.0260171079004279],
  [-0.0105200235654311, -0.0971494158014096],
  [0.6801122388909869, 0.7329468834040114],
  [0.1788290379817332, 0.9236199578827204],
  [-0.1651255553197456, 0.4795076124880726],
  [0.3767632236212327, 0.6829884901377081],
  [-0.3350449000715750, -0.4236304276514953],
  [0.0417113371362839, -0.1164057349184475],
  [0.2729964137664558, -0.1002325510014926],
  [0.1463517821568217, 0.0371636162333571],
  [-0.1883501560907413, -0.3544130984528816],
  [-0.2563306764581651, -0.4313075214096432],
  [0.1848640245652352, 0.3714053899638388],
  [-0.2906167046851066, 0.1215546993715609],
  [0.8387433347043359, 0.3083720906538928],
  [-0.3436249877936383, -0.1794903133529358],
  [0.1205897688523039, 0.0866831614982610],
  [0.3417032984472559, 0.5127211484615791],
  [-0.0961655255112841, 0.9952001075497672],
  [-0.8871631094794244, 0.4611285503705611],
  [-0.6103913697324088, 0.3445709465343134],
  [0.3326168352920467, -0.8306671814888988],
  [-0.4055865261725783, -0.5402437974560694],
  [-0.1243138034888187, 0.3748924755862617],
  [-0.3878898738173777, 0.3571201305891340],
  [0.1149890695083032, 0.5963627291910479],
  [-0.3448559799062205, -0.4879863622522609],
  [-0.6416044949523508, -0.3564746145580205],
  [-0.4608994822334045, -0.1108314777213207],
  [-0.3846502947749295, -0.6430989079430256],
  [-0.0481880544712044, 0.0948852706861926],
  [0.1160211848210763, -0.4599577600249604],
  [0.1028600385580891, -0.0607346894149044],
  [-0.8478963277228030, -0.5287729318356339],
  [0.4742886730032633, -0.6983441257976547],
  [0.6581527212491225, -0.7523644170845315],
  [0.1097256997055601, -0.2261269149277299],
  [-0.0461168731348345, 0.0256286078243534],
  [0.9964339239682926, 0.0843767454050645],
  [-0.4703579597397130, -0.3002076377652387],
  [0.6075901229421300, 0.6180256417284236],
  [0.5812577739068259, -0.0233989378676854],
  [0.3236203734870171, -0.7064474344873406],
  [0.4754969860203137, -0.0338824889699233],
  [0.2191168553147340, -0.5335442765801939],
  [0.5175448920177942, -0.8494335961578026],
  [-0.0927341004845975, 0.2140747520041974],
  [0.6751403587546893, 0.5493477271612561],
  [-0.4890182800816649, -0.5821061286833711],
  [0.4212693561894065, 0.3681702154552184],
  [0.0258073714373226, 0.0144122248676370],
  [-0.9444404710567743, 0.3108026675079511],
  [0.2156039169901503, 0.4469278019322989],
  [-0.3201182901765579, -0.8558790655312346],
  [0.2915929939412448, -0.2857091077597144],
  [0.5825060918423342, 0.8125918041862930],
  [0.4165120318249207, 0.2418142384044347],
  [0.3858582137718055, 0.1758763467195696],
  [-0.4717852678368932, 0.1272492559644817],
  [-0.7236561931560126, -0.4094088261803028],
  [0.6086430420082886, 0.4642299952937306],
  [-0.4190586272751730, -0.4218454881641702],
  [0.3217637626188513, -0.4129730745780123],
  [-0.2673068240669713, -0.1491074480931479],
  [-0.3777051767970214, -0.0727069057501602],
  [-0.7678421404461673, 0.6399413258744396],
  [-0.0021038926449240, -0.1634752982075912],
  [0.0324934213810025, 0.3778140567955102],
  [-0.7781092421634092, -0.1374882593211471],
  [0.4774925400447907, 0.3508878860023877],
  [0.2619732740567440, 0.3487482388685824],
  [-0.0326069638396578, -0.8073901543002657],
  [0.1692763761264767, -0.8878094934520837],
  [0.4082099230722565, -0.6412371971312204],
  [-0.2302434345510901, 0.4092011826742049],
  [-0.1924474209507946, -0.6495292019672294],
  [0.3515188933771714, -0.0398588669084007],
  [0.5198299492486421, -0.2541224652648001],
  [0.5583198034775979, -0.7117737968373241],
  [0.3254972616776178, 0.0707021739285338],
  [-0.8770805200527630, -0.4628922519659912],
  [0.4844174847096198, 0.7522551622888642],
  [-0.1703413675035789, -0.1752461033763702],
  [-0.3372283942277207, -0.2348228095904898],
  [0.2412151495532470, -0.7974001932796478],
  [0.3954742621463892, -0.7663390792401470],
  [0.5714882389788098, 0.2355750326672415],
  [0.1824949308721704, -0.3063699108496367],
  [0.6351732576677692, -0.3021197115460875],
  [0.3178114896707047, 0.2227783461953946],
  [-0.5290800812201218, 0.8078403535943618],
  [-0.9911604485358317, -0.0957564136347823],
  [0.3192160262575743, 0.2806660179235658],
  [0.2327451504297767, -0.4180221614782256],
  [0.0601576171359171, -0.8145978187693508],
  [-0.2009526827492527, 0.7506544855825674],
  [0.3167274770803313, 0.6053878317243858],
  [-0.0808823007534836, 0.4859495854380965],
  [0.0370997134788090, -0.0468650882237521],
  [-0.2268600736481319, -0.0434571798005935],
  [0.4115695480396585, -0.4320267293627774],
  [-0.2976669681277292, -0.3276389200206474],
  [-0.3144603935007801, 0.3608250596450543],
  [-0.4951021172189463, 0.4855581413574168],
  [-0.3557156452222730, -0.3122713578354506],
  [0.3083276371838296, -0.5098011700055187],
  [0.2359613045275022, -0.6953497466571323],
  [0.7198226972430207, -0.6895298096578362],
  [0.9993270453597364, -0.0366804636363768],
  [-0.1164385482892224, -0.1912071641939395],
  [0.0529542331546655, -0.1709289375284049],
  [-0.7177048506363090, 0.1563193159772366],
  [0.6478625118134967, -0.2224530132956814],
  [0.0163727546891145, 0.9893537983489992],
  [0.3355979848664785, -0.3330697295861183],
  [-0.1001739369151802, -0.7249445112760893],
  [0.0559334896111987, 0.1925342337350261],
  [-0.1366404351215836, -0.9906018402874335],
  [0.1908907524844190, -0.6354146012245233],
  [-0.3736946742686046, 0.9057602190167634],
  [-0.9934334274697888, 0.0763419727727273],
  [0.9808403816599534, 0.1742327735967988],
  [0.4490161352988489, -0.5589160811696202],
  [0.1700742402555039, 0.1187695886414060],
  [-0.2942292772777529, 0.9556289233857322],
  [0.4322194294094934, -0.2560959371557917],
  [-0.3663596025915811, -0.1271520378086322],
  [-0.6627075638424369, -0.0278791967991643],
  [0.5269462733431549, 0.0114985206225963],
  [0.4638630991652180, -0.3625293664323557],
  [0.1868796115088227, -0.0601751585176340],
  [0.4612320694272779, 0.5205895176074623],
  [0.0175410743208939, -0.5490576196994733],
  [-0.5523544404001475, -0.3157290749925979],
  [0.0558522781800633, -0.4166595596770014],
  [-0.6465546163424786, -0.4704649465738130],
  [-0.5794453730605091, 0.4453004034773035],
  [-0.3168019199523813, 0.4309128928603279],
  [0.8303366259000114, -0.2811892882727510],
  [0.3555373739152013, -0.4653215210180063],
  [-0.8175253264745493, 0.1375954446348059],
  [0.3827311106041258, -0.9236659286821228],
  [0.4620834423200381, 0.0418078840737790],
  [0.7056492264571860, -0.1590717999377323],
  [0.4792418928389011, 0.2156893459310068],
  [-0.7167572801039244, 0.3194355048323980],
  [0.2452860610387728, 0.4995972971957915],
  [0.5579187536478786, 0.3906217095635999],
  [0.9398896042230513, 0.3411431651633131],
  [-0.0726716036720023, -0.9322021349654314],
  [-0.7282361394904407, -0.3054703893403483],
  [-0.3368621229160343, 0.2538886333023387],
  [-0.6506034702595247, -0.7527402436985874],
  [-0.9760476050256727, 0.1491058314475598],
  [-0.2575223179443168, 0.8448872716702491],
  [0.2730458951719974, 0.4036267085949605],
  [0.2360658665389449, -0.2836594161964112],
  [0.7150011163408333, 0.6530578544845266],
  [-0.0486058607914906, 0.4343677445565380],
  [0.0157402159416175, -0.3007771443660793],
  [0.2568430206899718, 0.0094815912493361],
  [0.0738622787598368, -0.7168340202170010],
  [-0.0533211648135902, 0.8817801603863610],
  [-0.6443521271911962, 0.5089636675887033],
  [-0.9337855776486821, -0.3147161478638781],
  [-0.0220434945308952, -0.0333803953249192],
  [-0.7891304612238246, 0.0481118537573852],
  [-0.2813662573322993, -0.0296834788525588],
  [-0.7093449397475378, 0.7041526091393185],
  [-0.0777902929826221, -0.1472332026220659],
  [0.2699349582302870, -0.0447234738840955],
  [0.6346302326113100, 0.0238787647542588],
  [-0.0696692900993574, -0.2511926977499954],
  [0.2346382409213407, 0.9720088663801811],
  [0.4617772318976081, -0.1392098740100969],
  [-0.6864637837472494, -0.2188079753686151],
  [0.5963939154718506, -0.0770145223165796],
  [-0.9497516168113659, -0.2447797174088032],
  [0.5799013538209102, -0.8121204714779960],
  [0.6999162103935254, 0.4289011529361030],
  [0.0849481699359201, 0.4344345271815279],
  [0.2310641196820236, -0.9639516922160990],
  [0.3054418364204561, 0.7726448316631085],
  [0.0487595511776522, -0.6163913788027575],
  [-0.8205045585098664, 0.4841583726178953],
  [-0.1643513331494582, -0.5906498107687561],
  [-0.4674386800794150, 0.8837335071562277],
  [-0.2290675115797297, -0.8465208185104337],
  [0.2091115780717498, 0.7636559407409346],
  [-0.0784991488141405, -0.5948997233633744],
  [-0.5242503681534733, -0.8511484066038105],
  [-0.3991783146218880, 0.0584491352055572],
  [-0.5317927611234567, 0.1962167575936490],
  [0.0687562236269680, -0.3477961063949247],
  [-0.5511382420160372, 0.1182278816680934],
  [0.3839833111153850, 0.2871452397648416],
  [0.4800225276948673, 0.6304468147731017],
  [0.1823295423153011, 0.1759887592691287],
  [-0.5867314529770795, -0.8010955034618492],
  [0.4775981780037851, 0.2867277096937428],
  [0.1586418682150296, 0.5322110551563426],
  [0.4048695969899474, 0.8177153051532232],
  [0.1218990484311332, 0.9924741580996418],
  [0.6712742758035699, -0.0962616691389653],
  [0.1431070081111660, 0.3028641134441382],
  [-0.0663287001381713, -0.0889907992113400],
  [0.7620244076423269, 0.5136267642724244],
  [-0.3939097574608025, -0.9190556936808458],
  [0.4011190595397294, 0.5814759193529430],
  [0.5966119814010408, 0.7256453886978477],
  [-0.6395909882445704, 0.7253424485389375],
  [-0.7419410783919268, -0.0407029786361415],
  [0.9775557245401522, -0.2106770168261789],
  [-0.4351480127766439, -0.0113044105359673],
  [0.1847628281585915, -0.1739788214082830],
  [0.0690621397253721, 0.0544463993569857],
  [-0.0731985321422637, 0.7516671968255560],
  [-0.2508716624265987, 0.6433427150788961],
  [-0.1409561953066490, -0.0086710321615476],
  [0.5417685511446706, -0.1282065263679382],
  [0.5006249834255858, 0.4403793196129092],
  [0.4554546164144420, -0.4669006429747330],
  [-0.2195366013736295, 0.3534651249670566],
  [-0.0857430038486874, -0.4063951159942554],
  [-0.4636257842763143, -0.4748955577140274],
  [0.0735754000429476, 0.3220075386277055],
  [0.8562407731461856, -0.5165769433511548],
  [0.6475925114159161, 0.1998370331811839],
  [0.8978951358208941, -0.4402094104732179],
  [0.6711743884435795, 0.0970160836056815],
  [0.0080268506508952, -0.3629121947122041],
  [0.0069340477054019, 0.3261608237561098],
  [-0.6796701820970621, 0.0671286226058520],
  [-0.6091869652852409, -0.1695123376718157],
  [-0.0076478213087190, -0.7162807027731491],
  [-0.3734952127330419, 0.4811929197053983],
  [0.1164004245798400, 0.4927655707656348],
  [0.0797779845586736, -0.0002366009349756],
  [-0.2893104046661920, 0.5420745437549068],
  [-0.4864310803774926, -0.0611689398545016]
]
